-----------------------------------------------------------------------------------------------------------------------------------
g++ CC = g++ -mavx2 -O3                                                                              Intel i5-6500 (Skylake family)
-----------------------------------------------------------------------------------------------------------------------------------
=============================== SKINNY-ZOCB
Encryption Timing (cycles/byte)
 P_len/AD_len(bytes),         0,        15,        30,        60,       120,       240,       480,       960,      1920,      3840,      7680,     15360,     30720,     61440,    122880,    245760,    491520,    983040,
                   0,   9722.00,   1303.20,    652.85,    379.84,    243.04,    175.88,    134.66,    120.75,    112.13,     57.73,     28.89,     14.23,      7.10,      6.71,      4.90,      4.01,      3.55,      3.33,
                  16,    816.38,    738.94,    498.88,    343.99,    239.44,    178.17,    137.04,    122.22,    112.91,     58.34,     29.26,     14.42,      7.20,      6.76,      4.93,      4.02,      3.56,      3.33,
                  32,    511.38,    348.24,    422.51,    285.24,    214.65,    167.98,    139.26,    120.33,    112.05,     58.13,     29.21,     14.62,      7.20,      6.77,      4.93,      4.02,      3.57,      3.33,
                  64,    358.85,    290.84,    244.33,    264.80,    196.11,    161.65,    137.48,    123.07,    111.96,     58.50,     29.52,     14.80,      7.40,      6.80,      4.95,      4.03,      3.57,      3.33,
                 128,    282.74,    253.18,    228.94,    192.19,    185.94,    151.65,    134.35,    122.21,    113.43,     59.29,     30.19,     15.21,      7.63,      6.95,      5.00,      4.06,      3.59,      3.34,
                 256,    244.68,    230.89,    218.82,    198.19,    166.52,    146.82,    129.31,    120.41,    113.02,     61.62,     31.44,     15.97,      8.05,      7.19,      5.15,      4.12,      3.61,      3.36,
                 512,    225.20,    218.65,    212.66,    201.56,    182.39,    153.25,    126.69,    117.80,    112.19,     64.22,     34.13,     17.41,      8.82,      7.58,      5.35,      4.23,      3.66,      3.38,
                1024,    215.50,    212.39,    209.41,    203.55,    192.82,    174.65,    146.76,    116.50,    111.06,     68.62,     38.37,     20.37,     16.65,      8.38,      5.76,      4.44,      3.78,      3.64,
                2048,    114.04,    113.23,    112.42,    110.79,    107.74,    102.05,     92.40,     77.67,     61.44,     74.56,     45.84,     25.59,     13.59,     10.03,      6.62,      4.88,      4.00,      3.55,
                4096,     60.04,     59.77,     59.59,     59.13,     58.29,     56.69,     53.71,     48.62,     40.88,     32.25,     38.91,     23.55,     13.15,      6.91,      6.61,      4.89,      4.00,      3.55,
                8192,     33.02,     32.96,     32.90,     32.79,     32.55,     32.09,     31.21,     29.60,     26.80,     22.56,     17.74,     20.55,     12.44,      6.89,      5.11,      4.92,      4.02,      3.57,
               16384,     19.56,     19.53,     19.52,     19.49,     19.41,     19.27,     19.01,     18.48,     17.51,     15.85,     13.33,     10.44,     11.34,      6.80,      5.17,      4.21,      4.06,      3.59,
               32768,     12.81,     12.82,     12.82,     12.83,     12.81,     12.76,     12.67,     12.49,     12.15,     11.51,     10.43,      8.77,      6.82,      6.71,      5.28,      4.32,      3.75,      3.63,
               65536,      9.44,      9.44,      9.44,      9.43,      9.42,      9.40,      9.37,      9.30,      9.17,      8.92,      8.45,      7.66,      6.46,      5.00,      5.45,      4.53,      3.90,      3.52,
              131072,      7.76,      7.76,      7.76,      7.76,      7.75,      7.75,      7.73,      7.70,      7.65,      7.55,      7.34,      6.95,      6.30,      5.31,      4.08,      4.31,      3.83,      3.51,
              262144,      6.93,      6.93,      6.92,      6.93,      6.92,      6.92,      6.91,      6.90,      6.88,      6.83,      6.73,      6.54,      6.21,      5.62,      4.74,      3.63,      3.73,      3.48,
              524288,      6.50,      6.50,      6.51,      6.50,      6.50,      6.50,      6.50,      6.49,      6.48,      6.46,      6.41,      6.32,      6.15,      5.83,      5.28,      4.45,      3.39,      3.44,
             1048576,      6.29,      6.29,      6.29,      6.29,      6.29,      6.28,      6.28,      6.29,      6.28,      6.27,      6.25,      6.20,      6.11,      5.94,      5.64,      5.11,      4.30,      3.28,

=============================== SKINNY-ZOTR
Encryption Timing (cycles/byte)
 P_len/AD_len(bytes),         0,        15,        30,        60,       120,       240,       480,       960,      1920,      3840,      7680,     15360,     30720,     61440,    122880,    245760,    491520,    983040,
                   0,  10086.50,   1327.97,    665.10,    386.22,    246.35,    177.65,    135.56,    121.12,    112.32,     57.86,     28.98,     14.26,      7.11,      6.71,      4.91,      4.01,      3.56,      3.33,
                  16,    805.56,    733.71,    495.66,    342.07,    238.29,    177.52,    136.85,    122.05,    112.84,     58.35,     29.27,     14.42,      7.19,      6.76,      4.93,      4.02,      3.56,      3.34,
                  32,    512.06,    348.70,    423.65,    286.10,    214.90,    168.27,    139.50,    120.44,    112.12,     58.25,     29.29,     14.67,      7.22,      6.77,      4.94,      4.03,      3.57,      3.34,
                  64,    356.92,    289.39,    243.44,    264.09,    195.46,    161.18,    137.13,    122.88,    111.95,     58.54,     29.54,     14.81,      7.40,      6.80,      4.95,      4.04,      3.58,      3.34,
                 128,    279.78,    250.34,    226.44,    190.33,    184.09,    150.17,    133.41,    121.70,    113.17,     59.25,     30.12,     15.17,      7.60,      6.96,      5.01,      4.07,      3.60,      3.35,
                 256,    240.77,    227.45,    215.58,    194.92,    164.02,    144.60,    127.67,    119.46,    112.44,     61.32,     31.28,     15.88,      7.98,      7.16,      5.13,      4.12,      3.62,      3.36,
                 512,    221.20,    214.85,    208.98,    198.01,    179.20,    150.61,    124.35,    116.33,    111.27,     63.66,     33.85,     17.25,      8.75,      7.54,      5.33,      4.22,      3.66,      3.38,
                1024,    211.42,    208.30,    205.40,    199.69,    189.25,    171.25,    143.94,    114.20,    109.54,     67.65,     37.83,     20.07,     16.50,      8.31,      5.72,      4.42,      3.77,      3.63,
                2048,    206.46,    204.95,    203.47,    200.59,    195.01,    184.80,    167.25,    140.58,    109.11,    106.69,     65.27,     36.46,     19.35,     12.98,      8.12,      5.65,      4.38,      3.74,
                4096,    107.99,    107.60,    107.22,    106.44,    104.94,    102.03,     96.70,     87.51,     73.57,     57.03,     55.58,     33.64,     18.77,      9.90,      8.15,      5.68,      4.41,      3.76,
                8192,     57.31,     57.21,     57.11,     56.90,     56.50,     55.69,     54.16,     51.32,     46.44,     39.03,     30.23,     28.96,     17.51,      9.72,      6.62,      5.70,      4.42,      3.77,
               16384,     31.95,     31.93,     31.91,     31.85,     31.73,     31.50,     31.05,     30.20,     28.66,     25.93,     21.80,     16.86,     15.67,      9.40,      6.63,      4.98,      4.46,      3.79,
               32768,     19.28,     19.33,     19.32,     19.31,     19.27,     19.20,     19.06,     18.79,     18.27,     17.32,     15.68,     13.18,     10.17,      8.95,      6.65,      5.09,      4.16,      3.84,
               65536,     13.00,     13.00,     13.00,     12.99,     12.98,     12.96,     12.91,     12.82,     12.64,     12.28,     11.65,     10.54,      8.87,      6.82,      6.69,      5.27,      4.32,      3.75,
              131072,      9.84,      9.84,      9.84,      9.83,      9.83,      9.82,      9.80,      9.77,      9.70,      9.56,      9.30,      8.81,      7.98,      6.72,      5.15,      5.03,      4.26,      3.75,
              262144,      8.27,      8.27,      8.27,      8.27,      8.27,      8.26,      8.26,      8.24,      8.21,      8.15,      8.03,      7.82,      7.41,      6.71,      5.65,      4.32,      4.17,      3.75,
              524288,      7.48,      7.48,      7.48,      7.48,      7.48,      7.48,      7.48,      7.47,      7.45,      7.43,      7.37,      7.27,      7.07,      6.70,      6.07,      5.11,      3.90,      3.76,
             1048576,      7.09,      7.09,      7.09,      7.09,      7.09,      7.09,      7.08,      7.08,      7.07,      7.06,      7.04,      6.99,      6.89,      6.70,      6.35,      5.75,      4.84,      3.69,

=============================== SKINNY-ThetaCB3
Encryption Timing (cycles/byte)
 P_len/AD_len(bytes),         0,        15,        30,        60,       120,       240,       480,       960,      1920,      3840,      7680,     15360,     30720,     61440,    122880,    245760,    491520,    983040,
                   0,   3228.50,    429.73,    324.90,    272.22,    245.61,    218.98,    212.17,    208.85,    103.84,     48.14,     20.28,      6.34,      6.01,      5.84,      5.76,      5.72,      5.71,      5.69,
                  16,    406.81,    314.13,    283.27,    257.98,    240.84,    218.10,    211.90,    208.74,    104.71,     48.84,     20.70,      6.55,      6.12,      5.90,      5.79,      5.74,      5.71,      5.70,
                  32,    305.98,    276.83,    262.88,    248.70,    237.09,    217.26,    211.75,    208.76,    105.62,     49.51,     21.16,      6.82,      6.27,      5.99,      5.84,      5.76,      5.73,      5.70,
                  64,    255.18,    247.52,    243.13,    237.27,    231.44,    215.91,    211.29,    208.57,    107.09,     50.76,     21.84,      7.17,      6.43,      6.05,      5.86,      5.78,      5.73,      5.71,
                 128,    229.99,    228.50,    227.63,    226.19,    224.54,    214.01,    210.69,    208.44,    110.17,     53.32,     23.42,      8.04,      6.89,      6.29,      5.99,      5.84,      5.76,      5.72,
                 256,    217.36,    217.12,    217.34,    217.54,    217.75,    211.58,    209.61,    207.96,    115.71,     57.97,     26.26,      9.60,      7.66,      6.67,      6.18,      5.93,      5.81,      5.75,
                 512,    211.00,    211.07,    211.36,    211.77,    212.45,    209.24,    208.37,    207.44,    125.16,     66.68,     31.86,     12.82,      9.33,      7.53,      6.62,      6.14,      5.91,      5.80,
                1024,     14.08,     17.03,     19.94,     25.47,     35.66,     50.51,     75.24,    106.86,     71.97,     40.60,     19.35,      6.72,      6.23,      5.97,      5.84,      5.77,      5.73,      5.71,
                2048,      9.94,     11.48,     12.97,     15.94,     21.56,     30.49,     47.14,     72.47,     54.88,     34.54,     17.91,      6.66,      6.22,      5.97,      5.84,      5.77,      5.73,      5.71,
                4096,      7.81,      8.61,      9.38,     10.89,     13.87,     18.80,     28.59,     45.44,     38.15,     27.09,     15.80,      6.56,      6.19,      5.97,      5.84,      5.77,      5.74,      5.72,
                8192,      6.71,      7.13,      7.51,      8.28,      9.80,     12.39,     17.74,     27.62,     24.98,     19.80,     13.18,      6.41,      6.14,      5.95,      5.84,      5.77,      5.74,      5.72,
               16384,      6.16,      6.37,      6.57,      6.96,      7.73,      9.05,     11.85,     17.23,     16.33,     14.07,     10.62,      6.22,      6.06,      5.92,      5.83,      5.77,      5.74,      5.72,
               32768,      5.87,      5.98,      6.07,      6.27,      6.65,      7.33,      8.75,     11.57,     11.29,     10.30,      8.60,      6.02,      5.95,      5.87,      5.81,      5.77,      5.73,      5.72,
               65536,      5.73,      5.78,      5.82,      5.92,      6.12,      6.45,      7.17,      8.62,      8.55,      8.09,      7.27,      5.87,      5.85,      5.81,      5.78,      5.75,      5.73,      5.71,
              131072,      5.65,      5.68,      5.70,      5.75,      5.85,      6.02,      6.38,      7.12,      7.11,      6.90,      6.50,      5.78,      5.78,      5.77,      5.74,      5.73,      5.72,      5.71,
              262144,      5.63,      5.65,      5.66,      5.68,      5.73,      5.82,      6.00,      6.37,      6.38,      6.28,      6.08,      5.70,      5.70,      5.70,      5.71,      5.70,      5.70,      5.70,
              524288,      5.62,      5.63,      5.63,      5.64,      5.67,      5.71,      5.80,      5.99,      6.00,      5.95,      5.86,      5.67,      5.67,      5.67,      5.67,      5.68,      5.69,      5.69,
             1048576,      5.61,      5.62,      5.62,      5.63,      5.64,      5.66,      5.71,      5.80,      5.82,      5.79,      5.74,      5.64,      5.64,      5.65,      5.65,      5.66,      5.66,      5.67,

-----------------------------------------------------------------------------------------------------------------------------------
g++ CC = g++ -mavx2 -O3                                                                           Intel E5-2603 v3 (Haswell family)
-----------------------------------------------------------------------------------------------------------------------------------
=============================== SKINNY-ZOCB
Encryption Timing (cycles/byte)
 P_len/AD_len(bytes),         0,        15,        30,        60,       120,       240,       480,       960,      1920,      3840,      7680,     15360,     30720,     61440,    122880,    245760,    491520,    983040,
                   0,  13836.00,   1575.07,    735.98,    402.07,    258.24,    187.44,    143.53,    128.98,    119.76,     61.81,     31.37,     15.90,      8.39,      8.01,      6.17,      5.24,      4.76,      4.53,
                  16,    864.06,    777.94,    525.11,    362.91,    253.10,    189.11,    145.94,    130.38,    120.53,     62.43,     31.73,     16.11,      8.50,      8.07,      6.20,      5.25,      4.77,      4.53,
                  32,    539.06,    367.06,    444.30,    299.83,    226.54,    177.92,    148.00,    128.28,    119.53,     62.18,     31.66,     16.32,      8.49,      8.06,      6.20,      5.25,      4.78,      4.53,
                  64,    376.55,    305.03,    256.37,    277.38,    205.73,    170.50,    145.61,    130.96,    119.33,     62.55,     31.99,     16.51,      8.71,      8.12,      6.22,      5.27,      4.78,      4.54,
                 128,    295.23,    264.28,    239.19,    201.01,    193.91,    158.67,    141.50,    129.50,    120.61,     63.27,     32.61,     16.89,      8.91,      8.27,      6.27,      5.29,      4.80,      4.54,
                 256,    255.12,    240.87,    228.26,    206.58,    173.62,    153.03,    135.45,    127.08,    119.80,     65.47,     33.80,     17.62,      9.31,      8.48,      6.40,      5.34,      4.82,      4.55,
                 512,    234.82,    228.12,    221.65,    210.05,    190.11,    159.74,    131.88,    123.62,    118.52,     67.94,     36.53,     19.07,     10.12,      8.89,      6.62,      5.47,      4.88,      4.58,
                1024,    224.44,    221.18,    218.03,    212.00,    200.88,    181.81,    152.80,    121.17,    116.52,     72.06,     40.67,     22.03,     18.32,      9.69,      7.03,      5.68,      4.99,      4.85,
                2048,    119.25,    118.38,    117.52,    115.85,    112.65,    106.74,     96.62,     81.21,     64.21,     78.75,     48.61,     27.57,     15.05,     11.43,      7.93,      6.14,      5.22,      4.76,
                4096,     63.78,     63.55,     63.31,     62.87,     61.97,     60.24,     57.09,     51.68,     43.42,     34.26,     41.47,     25.46,     14.60,      8.11,      7.92,      6.15,      5.23,      4.76,
                8192,     36.05,     35.98,     35.92,     35.78,     35.53,     35.02,     34.06,     32.27,     29.21,     24.55,     19.29,     22.34,     13.87,      8.10,      6.33,      6.17,      5.25,      4.77,
               16384,     22.17,     22.16,     22.12,     22.09,     22.01,     21.86,     21.55,     20.95,     19.86,     17.97,     15.11,     11.80,     12.77,      8.04,      6.40,      5.43,      5.29,      4.80,
               32768,     15.25,     15.23,     15.23,     15.21,     15.19,     15.13,     15.02,     14.82,     14.40,     13.65,     12.36,     10.39,      8.06,      7.97,      6.53,      5.55,      4.96,      4.84,
               65536,     11.80,     11.80,     11.80,     11.80,     11.79,     11.76,     11.72,     11.64,     11.47,     11.16,     10.57,      9.58,      8.06,      6.21,      6.72,      5.77,      5.12,      4.73,
              131072,     10.09,     10.09,     10.09,     10.08,     10.09,     10.08,     10.05,     10.02,      9.95,      9.81,      9.54,      9.04,      8.20,      6.90,      5.30,      5.54,      5.05,      4.71,
              262144,      9.26,      9.26,      9.26,      9.25,      9.25,      9.25,      9.24,      9.20,      9.19,      9.11,      8.97,      8.73,      8.30,      7.52,      6.33,      4.84,      4.94,      4.68,
              524288,      8.80,      8.80,      8.81,      8.80,      8.80,      8.80,      8.79,      8.79,      8.77,      8.74,      8.67,      8.55,      8.32,      7.89,      7.15,      6.02,      4.59,      4.64,
             1048576,      8.58,      8.58,      8.58,      8.58,      8.58,      8.58,      8.58,      8.57,      8.57,      8.55,      8.52,      8.46,      8.34,      8.11,      7.69,      6.97,      5.87,      4.47,

=============================== SKINNY-ZOTR
Encryption Timing (cycles/byte)
 P_len/AD_len(bytes),         0,        15,        30,        60,       120,       240,       480,       960,      1920,      3840,      7680,     15360,     30720,     61440,    122880,    245760,    491520,    983040,
                   0,  13795.00,   1693.90,    787.68,    428.63,    257.96,    187.35,    143.59,    128.94,    119.75,     61.75,     31.36,     15.91,      8.39,      8.00,      6.14,      5.24,      4.76,      4.53,
                  16,    863.31,    777.47,    524.84,    362.80,    253.03,    189.12,    145.80,    130.29,    120.51,     62.39,     31.73,     16.11,      8.50,      8.06,      6.17,      5.26,      4.77,      4.53,
                  32,    535.52,    364.67,    443.19,    298.91,    225.99,    177.61,    147.87,    128.22,    119.50,     62.14,     31.67,     16.32,      8.49,      8.06,      6.17,      5.26,      4.77,      4.53,
                  64,    376.15,    304.85,    256.09,    277.48,    205.30,    170.18,    145.53,    130.93,    119.33,     62.52,     31.99,     16.51,      8.71,      8.11,      6.20,      5.27,      4.78,      4.54,
                 128,    295.47,    264.50,    239.31,    201.23,    194.17,    158.78,    141.60,    129.57,    120.65,     63.25,     32.61,     16.89,      8.91,      8.27,      6.25,      5.30,      4.79,      4.54,
                 256,    254.98,    240.90,    228.17,    206.51,    173.60,    152.85,    135.39,    127.05,    119.79,     65.39,     33.78,     17.61,      9.31,      8.47,      6.38,      5.35,      4.82,      4.55,
                 512,    234.50,    227.79,    221.46,    209.88,    189.93,    159.61,    131.70,    123.52,    118.43,     67.86,     36.51,     19.06,     10.11,      8.88,      6.59,      5.47,      4.87,      4.58,
                1024,    224.19,    220.92,    217.75,    211.71,    200.63,    181.58,    152.60,    121.02,    116.45,     72.00,     40.65,     22.01,     18.31,      9.68,      7.01,      5.68,      4.98,      4.85,
                2048,    218.98,    217.40,    215.83,    212.75,    206.86,    196.01,    177.41,    149.09,    115.72,    113.43,     69.64,     39.31,     21.29,     14.64,      9.54,      6.97,      5.63,      4.96,
                4096,    115.34,    114.90,    114.48,    113.65,    112.05,    108.96,    103.23,     93.44,     78.53,     60.86,     59.41,     36.38,     20.71,     11.37,      9.57,      7.00,      5.66,      4.98,
                8192,     62.07,     61.95,     61.84,     61.61,     61.17,     60.31,     58.64,     55.57,     50.29,     42.27,     32.70,     31.45,     19.38,     11.17,      7.94,      7.02,      5.68,      4.99,
               16384,     35.43,     35.40,     35.36,     35.30,     35.17,     34.92,     34.43,     33.48,     31.73,     28.72,     24.13,     18.64,     17.40,     10.85,      7.96,      6.26,      5.72,      5.01,
               32768,     22.14,     22.14,     22.14,     22.12,     22.08,     21.99,     21.85,     21.54,     20.95,     19.84,     17.97,     15.11,     11.63,     10.36,      7.97,      6.36,      5.39,      5.06,
               65536,     15.48,     15.48,     15.47,     15.47,     15.47,     15.45,     15.40,     15.28,     15.07,     14.66,     13.89,     12.58,     10.58,      8.11,      8.01,      6.55,      5.55,      4.96,
              131072,     12.19,     12.19,     12.20,     12.20,     12.20,     12.19,     12.16,     12.12,     12.03,     11.86,     11.53,     10.94,      9.91,      8.34,      6.39,      6.28,      5.49,      4.96,
              262144,     10.56,     10.57,     10.57,     10.56,     10.55,     10.55,     10.54,     10.53,     10.49,     10.42,     10.27,      9.98,      9.47,      8.59,      7.23,      5.52,      5.39,      4.96,
              524288,      9.73,      9.73,      9.72,      9.72,      9.72,      9.73,      9.72,      9.71,      9.69,      9.65,      9.59,      9.44,      9.19,      8.71,      7.89,      6.64,      5.06,      4.95,
             1048576,      9.30,      9.30,      9.31,      9.31,      9.31,      9.31,      9.31,      9.31,      9.30,      9.26,      9.23,      9.16,      9.03,      8.78,      8.34,      7.56,      6.37,      4.86,

=============================== SKINNY-ThetaCB3
Encryption Timing (cycles/byte)
 P_len/AD_len(bytes),         0,        15,        30,        60,       120,       240,       480,       960,      1920,      3840,      7680,     15360,     30720,     61440,    122880,    245760,    491520,    983040,
                   0,   4624.00,    615.53,    422.17,    323.77,    253.40,    224.14,    217.05,    213.36,    106.55,     50.41,     22.31,      8.23,      7.94,      7.79,      7.73,      7.70,      7.68,      7.67,
                  16,    432.22,    334.48,    298.55,    268.91,    248.97,    223.54,    216.94,    213.35,    107.39,     51.07,     22.70,      8.44,      8.04,      7.84,      7.75,      7.71,      7.69,      7.68,
                  32,    323.59,    293.84,    277.02,    259.59,    245.43,    223.05,    216.88,    213.38,    108.28,     51.77,     23.10,      8.66,      8.15,      7.90,      7.78,      7.72,      7.70,      7.68,
                  64,    269.36,    261.94,    255.90,    248.06,    240.11,    222.25,    216.77,    213.43,    110.03,     53.10,     23.89,      9.09,      8.37,      8.01,      7.84,      7.75,      7.71,      7.69,
                 128,    242.15,    240.92,    239.33,    236.79,    233.65,    221.01,    216.60,    213.53,    113.31,     55.72,     25.47,      9.94,      8.80,      8.22,      7.95,      7.80,      7.73,      7.70,
                 256,    228.59,    228.68,    228.44,    228.01,    227.31,    219.51,    216.34,    213.70,    119.36,     60.74,     28.52,     11.62,      9.65,      8.65,      8.16,      7.91,      7.79,      7.73,
                 512,    221.92,    222.10,    222.18,    222.27,    222.46,    218.02,    216.01,    213.93,    129.44,     69.84,     34.36,     14.90,     11.34,      9.51,      8.59,      8.13,      7.90,      7.79,
                1024,     16.46,     19.54,     22.56,     28.17,     38.45,     53.30,     78.31,    110.12,     74.62,     42.91,     21.40,      8.64,      8.16,      7.91,      7.79,      7.73,      7.70,      7.69,
                2048,     12.16,     13.74,     15.32,     18.26,     24.00,     32.97,     49.82,     75.36,     57.37,     36.80,     19.98,      8.59,      8.15,      7.91,      7.79,      7.74,      7.70,      7.69,
                4096,      9.95,     10.79,     11.59,     13.13,     16.14,     21.10,     31.02,     48.00,     40.50,     29.31,     17.86,      8.50,      8.13,      7.90,      7.79,      7.73,      7.70,      7.68,
                8192,      8.84,      9.27,      9.66,     10.44,     11.99,     14.59,     20.00,     29.97,     27.22,     21.96,     15.25,      8.38,      8.10,      7.90,      7.80,      7.73,      7.70,      7.69,
               16384,      8.27,      8.49,      8.68,      9.07,      9.86,     11.20,     14.03,     19.46,     18.50,     16.20,     12.69,      8.21,      8.03,      7.88,      7.79,      7.73,      7.70,      7.69,
               32768,      7.98,      8.09,      8.19,      8.39,      8.79,      9.46,     10.91,     13.75,     13.41,     12.41,     10.68,      8.04,      7.95,      7.87,      7.78,      7.74,      7.71,      7.69,
               65536,      7.84,      7.90,      7.95,      8.05,      8.25,      8.58,      9.32,     10.79,     10.68,     10.22,      9.37,      7.92,      7.89,      7.83,      7.78,      7.74,      7.71,      7.69,
              131072,      7.78,      7.81,      7.84,      7.89,      7.99,      8.16,      8.52,      9.27,      9.24,      9.03,      8.62,      7.85,      7.84,      7.81,      7.78,      7.75,      7.72,      7.70,
              262144,      7.76,      7.77,      7.79,      7.81,      7.86,      7.95,      8.13,      8.51,      8.51,      8.40,      8.20,      7.81,      7.80,      7.79,      7.77,      7.75,      7.73,      7.71,
              524288,      7.75,      7.75,      7.76,      7.77,      7.80,      7.84,      7.93,      8.13,      8.14,      8.08,      7.98,      7.78,      7.78,      7.78,      7.76,      7.75,      7.73,      7.71,
             1048576,      7.75,      7.75,      7.75,      7.76,      7.77,      7.79,      7.84,      7.93,      7.94,      7.92,      7.87,      7.76,      7.77,      7.76,      7.76,      7.75,      7.74,      7.72,

-----------------------------------------------------------------------------------------------------------------------------------
Intel CC = icpc -xHost -O3                                                                           Intel i5-6500 (Skylake family)
-----------------------------------------------------------------------------------------------------------------------------------
=============================== SKINNY-ZOCB
Encryption Timing (cycles/byte)
 P_len/AD_len(bytes),         0,        15,        30,        60,       120,       240,       480,       960,      1920,      3840,      7680,     15360,     30720,     61440,    122880,    245760,    491520,    983040,
                   0,   9189.50,   1205.47,    603.22,    352.15,    225.61,    162.96,    124.81,    111.79,    103.80,     53.88,     27.69,     14.39,      7.90,      7.56,      5.95,      5.14,      4.73,      4.53,
                  16,    730.97,    664.53,    448.64,    311.12,    217.71,    162.65,    125.74,    112.55,    104.20,     54.35,     27.96,     14.52,      7.98,      7.60,      5.96,      5.15,      4.76,      4.53,
                  32,    460.14,    313.02,    381.10,    257.19,    194.79,    153.40,    127.86,    110.71,    103.40,     54.08,     27.91,     14.70,      7.98,      7.60,      5.97,      5.15,      4.74,      4.53,
                  64,    322.09,    261.14,    219.23,    238.46,    177.35,    147.16,    125.78,    113.18,    103.27,     54.41,     28.16,     14.87,      8.16,      7.65,      5.99,      5.19,      4.77,      4.54,
                 128,    253.14,    226.48,    204.95,    172.11,    166.26,    136.62,    122.05,    111.78,    104.32,     55.02,     28.69,     15.19,      8.35,      7.78,      6.03,      5.19,      4.76,      4.54,
                 256,    218.61,    206.38,    195.61,    176.98,    148.85,    131.14,    116.44,    109.54,    103.45,     56.84,     29.69,     15.79,      8.67,      7.95,      6.15,      5.23,      4.78,      4.55,
                 512,    201.08,    195.35,    190.00,    180.10,    162.86,    137.03,    113.04,    106.33,    102.15,     58.83,     31.97,     17.01,      9.36,      8.29,      6.33,      5.33,      4.83,      4.58,
                1024,    192.57,    189.57,    186.87,    181.77,    172.21,    155.92,    131.03,    103.99,    100.24,     62.21,     35.45,     19.51,     16.37,      8.97,      6.67,      5.54,      4.95,      4.81,
                2048,    103.01,    102.25,    101.46,    100.03,     97.30,     92.16,     83.44,     70.09,     55.46,     68.10,     42.30,     24.27,     13.55,     10.45,      7.44,      5.90,      5.12,      4.75,
                4096,     55.74,     55.55,     55.36,     54.98,     54.16,     52.65,     49.90,     45.17,     37.97,     29.93,     36.17,     22.48,     13.18,      7.63,      7.44,      5.92,      5.13,      4.73,
                8192,     32.10,     32.03,     31.99,     31.87,     31.62,     31.20,     30.31,     28.73,     26.01,     21.85,     17.14,     19.81,     12.55,      7.60,      6.07,      5.97,      5.17,      4.74,
               16384,     20.25,     20.23,     20.22,     20.18,     20.11,     19.97,     19.67,     19.14,     18.13,     16.41,     13.79,     10.75,     11.60,      7.55,      6.14,      5.29,      5.18,      4.76,
               32768,     14.41,     14.40,     14.39,     14.38,     14.30,     14.25,     14.15,     13.95,     13.56,     12.85,     11.63,      9.78,      7.56,      7.48,      6.24,      5.41,      4.90,      4.80,
               65536,     11.43,     11.43,     11.42,     11.42,     11.41,     11.38,     11.34,     11.26,     11.10,     10.80,     10.27,      9.30,      7.81,      6.01,      6.46,      5.63,      5.07,      4.71,
              131072,      9.94,      9.94,      9.94,      9.98,      9.98,      9.97,      9.95,      9.92,      9.85,      9.71,      9.44,      8.93,      8.08,      6.81,      5.22,      5.43,      5.01,      4.69,
              262144,      9.20,      9.20,      9.20,      9.21,      9.21,      9.21,      9.20,      9.19,      9.15,      9.12,      9.00,      8.75,      8.29,      7.51,      6.32,      4.82,      4.92,      4.67,
              524288,      8.83,      8.83,      8.85,      8.85,      8.89,      8.89,      8.88,      8.87,      8.86,      8.83,      8.76,      8.64,      8.40,      7.96,      7.21,      6.07,      4.62,      4.63,
             1048576,      8.65,      8.65,      8.65,      8.65,      8.65,      8.65,      8.65,      8.66,      8.65,      8.64,      8.61,      8.54,      8.42,      8.19,      7.77,      7.03,      5.92,      4.49,

=============================== SKINNY-ZOTR
Encryption Timing (cycles/byte)
 P_len/AD_len(bytes),         0,        15,        30,        60,       120,       240,       480,       960,      1920,      3840,      7680,     15360,     30720,     61440,    122880,    245760,    491520,    983040,
                   0,   9087.50,   1197.13,    600.45,    350.54,    224.84,    162.71,    124.59,    111.75,    103.77,     53.86,     27.65,     14.33,      7.87,      7.54,      5.91,      5.10,      4.69,      4.49,
                  16,    741.34,    669.45,    451.65,    313.06,    218.53,    163.31,    126.08,    112.73,    104.38,     54.39,     27.97,     14.50,      7.95,      7.59,      5.93,      5.11,      4.70,      4.49,
                  32,    461.16,    313.76,    381.24,    257.27,    194.80,    153.42,    127.83,    110.82,    103.47,     54.05,     27.90,     14.69,      7.96,      7.59,      5.93,      5.11,      4.70,      4.49,
                  64,    324.14,    262.58,    220.61,    239.02,    177.43,    147.35,    126.37,    113.18,    103.41,     54.49,     28.18,     14.88,      8.17,      7.64,      5.96,      5.12,      4.71,      4.50,
                 128,    255.48,    228.66,    206.89,    173.98,    167.69,    137.47,    122.55,    112.16,    104.46,     55.08,     28.72,     15.17,      8.31,      7.78,      6.01,      5.15,      4.72,      4.51,
                 256,    221.38,    209.06,    198.12,    179.28,    150.67,    132.62,    117.69,    110.30,    103.85,     57.04,     29.74,     15.85,      8.70,      7.99,      6.12,      5.19,      4.75,      4.52,
                 512,    203.93,    198.09,    192.64,    182.49,    165.13,    138.84,    114.42,    107.31,    102.78,     59.17,     32.11,     17.07,      9.36,      8.30,      6.30,      5.30,      4.79,      4.55,
                1024,    195.32,    192.53,    189.75,    184.50,    174.84,    158.24,    133.01,    105.44,    101.34,     62.89,     35.82,     19.71,     16.49,      9.05,      6.70,      5.52,      4.92,      4.80,
                2048,    190.96,    189.58,    188.20,    185.53,    180.40,    170.93,    154.72,    130.02,    100.87,     98.75,     60.85,     34.65,     19.09,     13.32,      8.89,      6.63,      5.48,      4.90,
                4096,    101.17,    100.80,    100.42,     99.71,     98.28,     95.57,     90.55,     81.95,     68.88,     53.37,     51.96,     32.01,     18.49,     10.44,      8.87,      6.62,      5.47,      4.88,
                8192,     54.97,     54.87,     54.77,     54.57,     54.19,     53.42,     51.93,     49.21,     44.54,     37.44,     28.96,     27.73,     17.34,     10.28,      7.47,      6.64,      5.49,      4.89,
               16384,     31.80,     31.77,     31.74,     31.68,     31.57,     31.37,     30.94,     30.07,     28.48,     25.77,     21.66,     16.72,     15.62,      9.98,      7.47,      5.98,      5.52,      4.91,
               32768,     20.22,     20.22,     20.21,     20.19,     20.15,     20.08,     19.94,     19.65,     19.11,     18.11,     16.40,     13.79,     10.61,      9.55,      7.49,      6.10,      5.27,      4.95,
               65536,     14.43,     14.42,     14.42,     14.41,     14.40,     14.37,     14.32,     14.22,     14.02,     13.64,     12.92,     11.70,      9.86,      7.56,      7.49,      6.24,      5.40,      4.89,
              131072,     11.58,     11.58,     11.57,     11.57,     11.57,     11.56,     11.57,     11.50,     11.41,     11.25,     10.94,     10.37,      9.39,      7.90,      6.04,      5.96,      5.30,      4.86,
              262144,     10.14,     10.14,     10.14,     10.14,     10.14,     10.14,     10.13,     10.11,     10.07,     10.00,      9.87,      9.59,      9.09,      8.23,      6.93,      5.28,      5.20,      4.84,
              524288,      9.42,      9.42,      9.42,      9.45,      9.44,      9.45,      9.44,      9.43,      9.39,      9.37,      9.30,      9.16,      8.93,      8.45,      7.65,      6.44,      4.91,      4.84,
             1048576,      9.07,      9.09,      9.09,      9.09,      9.07,      9.07,      9.06,      9.06,      9.05,      9.03,      9.00,      8.96,      8.84,      8.57,      8.16,      7.39,      6.19,      4.72,

=============================== SKINNY-ThetaCB3
Encryption Timing (cycles/byte)
 P_len/AD_len(bytes),         0,        15,        30,        60,       120,       240,       480,       960,      1920,      3840,      7680,     15360,     30720,     61440,    122880,    245760,    491520,    983040,
                   0,   3055.00,    406.77,    301.55,    250.06,    223.96,    198.43,    192.13,    188.97,     94.96,     45.45,     20.71,      8.36,      8.10,      7.99,      7.92,      7.90,      7.89,      7.87,
                  16,    372.91,    289.40,    259.80,    235.38,    218.93,    197.58,    192.01,    188.84,     95.41,     45.94,     21.08,      8.54,      8.19,      8.02,      7.93,      7.90,      7.88,      7.87,
                  32,    274.66,    251.86,    238.56,    225.80,    214.95,    196.23,    191.32,    188.67,     96.10,     46.49,     21.39,      8.72,      8.28,      8.06,      7.95,      7.91,      7.88,      7.88,
                  64,    228.48,    223.42,    219.49,    214.30,    209.21,    194.97,    190.99,    188.66,     97.36,     47.59,     22.06,      9.07,      8.46,      8.15,      8.00,      7.92,      7.90,      7.88,
                 128,    204.10,    203.87,    203.40,    202.62,    201.63,    192.27,    189.79,    188.14,    100.03,     49.73,     23.34,      9.78,      8.82,      8.33,      8.09,      7.97,      7.92,      7.89,
                 256,    191.91,    192.46,    192.77,    193.33,    194.09,    189.03,    188.00,    187.24,    104.71,     53.83,     25.91,     11.19,      9.53,      8.69,      8.26,      8.06,      7.96,      7.92,
                 512,    185.86,    186.27,    186.67,    187.26,    188.25,    185.78,    185.73,    185.79,    112.60,     61.21,     30.73,     13.91,     10.93,      9.39,      8.63,      8.24,      8.05,      7.96,
                1024,     15.23,     18.00,     20.64,     25.57,     34.55,     47.72,     69.91,     98.07,     66.37,     38.61,     19.80,      8.63,      8.26,      8.05,      7.95,      7.91,      7.89,      7.88,
                2048,     11.36,     12.75,     14.09,     16.71,     21.75,     29.69,     44.57,     67.14,     51.31,     33.29,     18.61,      8.62,      8.26,      8.06,      7.96,      7.91,      7.88,      7.88,
                4096,      9.75,     10.51,     11.22,     12.55,     15.19,     19.52,     28.29,     43.27,     36.57,     26.76,     16.72,      8.53,      8.24,      8.05,      7.95,      7.91,      7.89,      7.88,
                8192,      8.88,      9.23,      9.59,     10.28,     11.63,     13.92,     18.70,     27.49,     24.97,     20.35,     14.45,      8.43,      8.21,      8.05,      7.95,      7.91,      7.89,      7.88,
               16384,      8.39,      8.58,      8.76,      9.09,      9.80,     10.97,     13.46,     18.25,     17.34,     15.32,     12.23,      8.31,      8.16,      8.03,      7.95,      7.91,      7.89,      7.88,
               32768,      8.16,      8.22,      8.30,      8.48,      8.82,      9.42,     10.70,     13.20,     12.86,     11.99,     10.48,      8.16,      8.08,      8.01,      7.95,      7.91,      7.89,      7.88,
               65536,      8.05,      8.09,      8.10,      8.19,      8.36,      8.66,      9.31,     10.58,     10.45,     10.06,      9.32,      8.06,      8.03,      7.99,      7.95,      7.91,      7.89,      7.88,
              131072,      7.98,      7.98,      8.00,      8.04,      8.13,      8.28,      8.61,      9.25,      9.20,      9.01,      8.66,      7.99,      7.98,      7.96,      7.94,      7.91,      7.89,      7.89,
              262144,      7.96,      7.94,      7.95,      7.98,      8.02,      8.10,      8.26,      8.58,      8.55,      8.47,      8.29,      7.95,      7.95,      7.94,      7.93,      7.91,      7.90,      7.89,
              524288,      7.95,      7.93,      7.93,      7.94,      7.97,      8.00,      8.08,      8.25,      8.24,      8.19,      8.10,      7.93,      7.93,      7.93,      7.92,      7.91,      7.90,      7.89,
             1048576,      7.92,      7.92,      7.93,      7.93,      7.94,      7.96,      8.00,      8.08,      8.08,      8.06,      8.01,      7.92,      7.92,      7.92,      7.92,      7.91,      7.90,      7.90,

-----------------------------------------------------------------------------------------------------------------------------------
Intel CC = icpc -xHost -O3                                                                        Intel E5-2603 v3 (Haswell family)
-----------------------------------------------------------------------------------------------------------------------------------
=============================== SKINNY-ZOCB
Encryption Timing (cycles/byte)
 P_len/AD_len(bytes),         0,        15,        30,        60,       120,       240,       480,       960,      1920,      3840,      7680,     15360,     30720,     61440,    122880,    245760,    491520,    983040,
                   0,  11666.00,   1338.83,    626.70,    339.61,    216.14,    155.65,    118.23,    105.46,     97.61,     50.99,     26.52,     14.12,      8.07,      7.75,      6.24,      5.51,      5.12,      4.93,
                  16,    730.59,    660.63,    445.78,    306.36,    211.99,    157.32,    120.21,    106.74,     98.28,     51.53,     26.84,     14.29,      8.16,      7.80,      6.27,      5.53,      5.13,      4.94,
                  32,    454.17,    309.19,    376.08,    253.60,    190.42,    148.10,    122.06,    105.07,     97.50,     51.32,     26.79,     14.46,      8.16,      7.80,      6.27,      5.52,      5.13,      4.94,
                  64,    315.88,    255.91,    215.11,    233.94,    172.93,    142.11,    120.27,    107.32,     97.42,     51.65,     27.06,     14.61,      8.33,      7.84,      6.29,      5.53,      5.14,      4.94,
                 128,    246.90,    221.02,    200.09,    168.18,    162.90,    132.44,    117.10,    106.35,     98.54,     52.29,     27.57,     14.93,      8.50,      7.97,      6.33,      5.56,      5.16,      4.95,
                 256,    212.63,    200.86,    190.34,    172.26,    144.75,    127.99,    112.37,    104.60,     98.04,     54.16,     28.58,     15.54,      8.84,      8.14,      6.44,      5.60,      5.18,      4.96,
                 512,    195.45,    189.86,    184.63,    174.97,    158.33,    133.09,    109.99,    102.31,     97.37,     56.34,     30.89,     16.78,      9.52,      8.48,      6.62,      5.71,      5.22,      4.99,
                1024,    186.54,    183.85,    181.24,    176.24,    166.98,    151.13,    127.04,    100.86,     96.22,     59.98,     34.43,     19.26,     16.14,      9.15,      6.96,      5.88,      5.32,      5.20,
                2048,    100.00,     99.28,     98.57,     97.16,     94.48,     89.52,     81.05,     68.13,     53.95,     65.16,     40.70,     23.65,     13.51,     10.52,      7.68,      6.25,      5.50,      5.13,
                4096,     54.60,     54.39,     54.19,     53.81,     53.04,     51.58,     48.87,     44.24,     37.19,     29.35,     34.86,     21.92,     13.15,      7.89,      7.67,      6.26,      5.51,      5.13,
                8192,     31.85,     31.80,     31.73,     31.62,     31.39,     30.95,     30.09,     28.52,     25.81,     21.70,     17.03,     19.37,     12.53,      7.85,      6.40,      6.28,      5.53,      5.14,
               16384,     20.46,     20.44,     20.41,     20.37,     20.29,     20.14,     19.86,     19.31,     18.30,     16.57,     13.93,     10.87,     11.61,      7.79,      6.45,      5.67,      5.56,      5.16,
               32768,     14.80,     14.80,     14.78,     14.77,     14.74,     14.68,     14.58,     14.37,     13.97,     13.25,     12.00,     10.09,      7.80,      7.72,      6.54,      5.77,      5.29,      5.19,
               65536,     12.00,     12.00,     11.99,     11.99,     11.98,     11.96,     11.92,     11.83,     11.66,     11.34,     10.74,      9.73,      8.19,      6.29,      6.69,      5.94,      5.42,      5.10,
              131072,     10.58,     10.58,     10.58,     10.57,     10.57,     10.56,     10.54,     10.50,     10.43,     10.28,     10.00,      9.48,      8.59,      7.23,      5.54,      5.75,      5.35,      5.08,
              262144,      9.89,      9.89,      9.88,      9.88,      9.88,      9.84,      9.87,      9.85,      9.82,      9.71,      9.57,      9.35,      8.83,      8.03,      6.76,      5.17,      5.25,      5.04,
              524288,      9.50,      9.54,      9.54,      9.54,      9.54,      9.53,      9.53,      9.48,      9.50,      9.43,      9.40,      9.23,      9.02,      8.55,      7.75,      6.53,      4.98,      5.00,
             1048576,      9.36,      9.36,      9.36,      9.36,      9.32,      9.32,      9.32,      9.32,      9.34,      9.29,      9.29,      9.20,      9.07,      8.82,      8.39,      7.60,      6.40,      4.87,

=============================== SKINNY-ZOTR
Encryption Timing (cycles/byte)
 P_len/AD_len(bytes),         0,        15,        30,        60,       120,       240,       480,       960,      1920,      3840,      7680,     15360,     30720,     61440,    122880,    245760,    491520,    983040,
                   0,  11650.50,   1336.03,    624.65,    338.79,    215.85,    155.68,    118.13,    105.54,     97.63,     50.97,     26.47,     14.03,      7.99,      7.67,      6.16,      5.42,      5.04,      4.85,
                  16,    723.47,    657.15,    443.38,    304.66,    211.22,    156.84,    120.02,    106.67,     98.29,     51.47,     26.77,     14.21,      8.08,      7.71,      6.19,      5.44,      5.05,      4.86,
                  32,    452.33,    307.90,    375.30,    253.15,    190.11,    148.00,    121.99,    105.06,     97.54,     51.25,     26.73,     14.37,      8.08,      7.71,      6.19,      5.44,      5.06,      4.86,
                  64,    315.85,    255.77,    215.04,    233.99,    172.79,    142.08,    120.24,    107.30,     97.46,     51.64,     27.00,     14.54,      8.26,      7.76,      6.21,      5.45,      5.06,      4.87,
                 128,    247.41,    221.51,    200.50,    168.50,    163.20,    132.68,    117.25,    106.42,     98.62,     52.30,     27.53,     14.87,      8.44,      7.88,      6.26,      5.47,      5.07,      4.87,
                 256,    213.40,    201.56,    191.01,    172.87,    145.26,    128.40,    112.70,    104.82,     98.17,     54.16,     28.56,     15.49,      8.77,      8.06,      6.36,      5.51,      5.10,      4.88,
                 512,    196.42,    190.85,    185.55,    175.83,    159.14,    133.75,    110.50,    102.64,     97.60,     56.42,     30.91,     16.74,      9.46,      8.41,      6.54,      5.62,      5.14,      4.90,
                1024,    187.66,    184.94,    182.31,    177.27,    167.97,    152.02,    127.78,    101.42,     96.61,     60.20,     34.51,     19.24,     16.10,      9.09,      6.89,      5.80,      5.24,      5.12,
                2048,    183.26,    181.93,    180.62,    178.04,    173.11,    164.03,    148.47,    124.78,     96.88,     94.04,     58.17,     33.38,     18.64,     13.15,      8.96,      6.85,      5.77,      5.22,
                4096,     97.37,     97.03,     96.68,     95.98,     94.60,     91.99,     87.16,     78.90,     66.30,     51.43,     49.74,     30.88,     18.11,     10.49,      8.98,      6.88,      5.79,      5.23,
                8192,     53.33,     53.23,     53.13,     52.94,     52.55,     51.81,     50.37,     47.73,     43.21,     36.32,     28.12,     26.82,     17.00,     10.33,      7.67,      6.89,      5.80,      5.24,
               16384,     31.27,     31.24,     31.22,     31.16,     31.05,     30.82,     30.38,     29.54,     28.00,     25.34,     21.31,     16.46,     15.37,     10.04,      7.66,      6.28,      5.83,      5.26,
               32768,     20.26,     20.24,     20.23,     20.22,     20.18,     20.11,     19.96,     19.68,     19.13,     18.12,     16.41,     13.80,     10.63,      9.59,      7.64,      6.35,      5.57,      5.29,
               65536,     14.75,     14.76,     14.75,     14.75,     14.73,     14.71,     14.65,     14.55,     14.34,     13.95,     13.22,     11.97,     10.07,      7.72,      7.64,      6.48,      5.68,      5.21,
              131072,     12.02,     12.02,     12.02,     12.01,     12.01,     12.00,     11.97,     11.93,     11.85,     11.68,     11.36,     10.77,      9.75,      8.21,      6.28,      6.22,      5.61,      5.19,
              262144,     10.66,     10.65,     10.65,     10.65,     10.65,     10.65,     10.63,     10.62,     10.58,     10.50,     10.36,     10.07,      9.54,      8.65,      7.28,      5.57,      5.50,      5.17,
              524288,      9.97,      9.97,      9.96,      9.96,      9.97,      9.96,      9.96,      9.95,      9.93,      9.90,      9.83,      9.68,      9.42,      8.93,      8.09,      6.82,      5.20,      5.14,
             1048576,      9.62,      9.61,      9.62,      9.62,      9.62,      9.62,      9.62,      9.61,      9.61,      9.59,      9.54,      9.49,      9.35,      9.10,      8.62,      7.81,      6.58,      5.01,

=============================== SKINNY-ThetaCB3
Encryption Timing (cycles/byte)
 P_len/AD_len(bytes),         0,        15,        30,        60,       120,       240,       480,       960,      1920,      3840,      7680,     15360,     30720,     61440,    122880,    245760,    491520,    983040,
                   0,   3899.50,    518.27,    385.13,    294.36,    228.47,    189.39,    183.39,    180.32,     91.05,     44.04,     20.58,      8.81,      8.58,      8.45,      8.39,      8.37,      8.37,      8.38,
                  16,    362.28,    280.00,    250.78,    226.62,    210.38,    188.59,    183.18,    180.29,     91.83,     44.63,     20.91,      8.99,      8.65,      8.49,      8.42,      8.39,      8.38,      8.39,
                  32,    271.55,    246.81,    233.52,    219.17,    206.73,    188.15,    183.17,    180.30,     92.56,     45.17,     21.23,      9.15,      8.73,      8.53,      8.44,      8.40,      8.38,      8.38,
                  64,    226.19,    220.57,    215.58,    209.15,    202.59,    187.57,    183.02,    180.32,     93.95,     46.29,     21.88,      9.50,      8.91,      8.62,      8.49,      8.42,      8.40,      8.39,
                 128,    203.44,    202.60,    201.41,    199.45,    196.91,    186.36,    182.78,    180.33,     96.69,     48.45,     23.18,     10.21,      9.27,      8.79,      8.58,      8.47,      8.42,      8.40,
                 256,    191.97,    192.18,    192.08,    191.80,    191.36,    184.85,    182.40,    180.36,    101.62,     52.58,     25.73,     11.62,      9.98,      9.16,      8.76,      8.56,      8.46,      8.42,
                 512,    186.30,    186.56,    186.62,    186.76,    186.99,    183.39,    181.91,    180.38,    109.92,     60.11,     30.56,     14.35,     11.39,      9.87,      9.11,      8.74,      8.55,      8.47,
                1024,     15.32,     17.91,     20.40,     25.13,     33.66,     46.16,     67.13,     93.84,     63.85,     37.48,     19.65,      9.07,      8.72,      8.52,      8.44,      8.40,      8.39,      8.39,
                2048,     11.93,     13.29,     14.58,     17.05,     21.84,     29.36,     43.49,     64.83,     49.55,     32.43,     18.48,      9.03,      8.70,      8.52,      8.44,      8.40,      8.39,      8.38,
                4096,     10.07,     10.77,     11.44,     12.72,     15.23,     19.36,     27.69,     41.90,     35.53,     26.23,     16.73,      8.96,      8.68,      8.53,      8.45,      8.41,      8.39,      8.39,
                8192,      9.29,      9.64,      9.97,     10.63,     11.91,     14.05,     18.62,     26.93,     24.56,     20.18,     14.59,      8.88,      8.66,      8.52,      8.45,      8.41,      8.39,      8.39,
               16384,      8.93,      9.11,      9.27,      9.58,     10.26,     11.37,     13.74,     18.26,     17.39,     15.46,     12.53,      8.79,      8.64,      8.52,      8.45,      8.42,      8.39,      8.39,
               32768,      8.66,      8.75,      8.83,      9.00,      9.32,      9.89,     11.10,     13.47,     13.15,     12.31,     10.86,      8.66,      8.58,      8.52,      8.45,      8.42,      8.40,      8.39,
               65536,      8.56,      8.60,      8.64,      8.73,      8.89,      9.18,      9.79,     11.02,     10.89,     10.51,      9.80,      8.58,      8.55,      8.50,      8.46,      8.42,      8.40,      8.39,
              131072,      8.51,      8.53,      8.56,      8.60,      8.68,      8.82,      9.13,      9.75,      9.70,      9.52,      9.17,      8.53,      8.52,      8.50,      8.47,      8.43,      8.41,      8.40,
              262144,      8.50,      8.51,      8.52,      8.54,      8.58,      8.65,      8.81,      9.12,      9.10,      9.02,      8.84,      8.51,      8.54,      8.49,      8.47,      8.45,      8.42,      8.41,
              524288,      8.50,      8.50,      8.51,      8.51,      8.54,      8.57,      8.65,      8.80,      8.80,      8.75,      8.67,      8.50,      8.50,      8.53,      8.48,      8.46,      8.44,      8.41,
             1048576,      8.50,      8.50,      8.50,      8.51,      8.52,      8.54,      8.58,      8.66,      8.69,      8.63,      8.59,      8.51,      8.54,      8.50,      8.50,      8.48,      8.47,      8.47,

