-----------------------------------------------------------------------------------------------------------------------------------
g++ CC = g++ -mavx2 -O3                                                                              Intel i5-6500 (Skylake family)
g++ version: g++ (Ubuntu 5.4.0-6ubuntu1~16.04.10) 5.4.0 20160609
-----------------------------------------------------------------------------------------------------------------------------------
                                              
=============================== TAES-ZOCB                                     
Encryption Timing (cycles/byte)
 P_len/AD_len(bytes),         0,        15,        30,        60,       120,       240,       480,       960,      1920,      3840,      7680,     15360,     30720,     61440,    122880,    245760,    491520,    983040,
                   0,    321.50,     42.37,     22.32,     13.28,      7.93,      5.72,      3.41,      2.48,      1.96,      1.75,      1.62,      1.56,      1.55,      1.54,      1.54,      1.55,      1.56,      1.56,
                  16,     25.56,     23.24,     16.51,     11.65,      7.66,      5.73,      3.49,      2.53,      1.99,      1.77,      1.63,      1.56,      1.56,      1.54,      1.54,      1.55,      1.56,      1.56,
                  32,     15.27,     10.24,     12.86,      9.08,      6.85,      5.35,      3.54,      2.46,      1.95,      1.76,      1.63,      1.57,      1.56,      1.54,      1.54,      1.55,      1.56,      1.56,
                  64,     10.08,      8.15,      6.85,      7.71,      6.07,      5.09,      3.52,      2.57,      2.03,      1.76,      1.62,      1.55,      1.55,      1.53,      1.53,      1.55,      1.56,      1.56,
                 128,      6.52,      5.81,      5.27,      4.43,      4.65,      4.02,      3.46,      2.60,      2.05,      1.77,      1.63,      1.56,      1.55,      1.53,      1.53,      1.55,      1.56,      1.56,
                 256,      4.85,      4.56,      4.32,      3.94,      3.30,      3.74,      2.88,      2.34,      1.94,      1.71,      1.61,      1.57,      1.56,      1.54,      1.54,      1.55,      1.56,      1.56,
                 512,      3.92,      3.76,      3.69,      3.51,      3.16,      2.66,      2.64,      2.21,      1.91,      1.70,      1.59,      1.55,      1.54,      1.53,      1.53,      1.55,      1.55,      1.55,
                1024,      3.43,      3.36,      3.32,      3.22,      3.07,      2.79,      2.32,      2.09,      1.85,      1.69,      1.59,      1.55,      1.54,      1.53,      1.53,      1.55,      1.55,      1.55,
                2048,      3.17,      3.15,      3.13,      3.09,      3.00,      2.86,      2.56,      2.16,      1.81,      1.67,      1.60,      1.55,      1.54,      1.53,      1.53,      1.55,      1.55,      1.55,
                4096,      3.05,      3.03,      3.01,      3.00,      2.97,      2.88,      2.73,      2.46,      2.07,      1.68,      1.61,      1.57,      1.55,      1.53,      1.53,      1.55,      1.55,      1.55,
                8192,      2.99,      2.99,      2.99,      2.98,      2.96,      2.92,      2.82,      2.68,      2.42,      2.04,      1.61,      1.58,      1.56,      1.54,      1.54,      1.55,      1.55,      1.55,
               16384,      2.96,      2.96,      2.96,      2.95,      2.94,      2.94,      2.87,      2.80,      2.65,      2.41,      2.02,      1.59,      1.56,      1.54,      1.54,      1.55,      1.56,      1.55,
               32768,      2.96,      2.98,      2.97,      2.95,      2.96,      2.95,      2.93,      2.88,      2.78,      2.66,      2.44,      2.06,      1.58,      1.55,      1.55,      1.56,      1.56,      1.56,
               65536,      2.99,      2.97,      2.98,      2.98,      2.99,      2.98,      2.95,      2.94,      2.90,      2.82,      2.68,      2.40,      2.04,      1.57,      1.57,      1.56,      1.56,      1.56,
              131072,      2.96,      2.97,      2.97,      2.99,      2.97,      2.98,      2.97,      2.97,      2.93,      2.89,      2.81,      2.68,      2.42,      2.03,      1.57,      1.57,      1.57,      1.56,
              262144,      2.98,      2.95,      2.96,      2.96,      2.96,      2.95,      2.95,      2.96,      2.93,      2.91,      2.87,      2.79,      2.65,      2.41,      2.02,      1.58,      1.57,      1.56,
              524288,      2.97,      2.96,      2.96,      2.97,      2.97,      2.97,      2.97,      2.96,      2.97,      2.95,      2.93,      2.88,      2.82,      2.67,      2.42,      2.04,      1.57,      1.57,
             1048576,      2.98,      2.99,      2.99,      2.98,      2.98,      2.98,      2.97,      2.98,      2.98,      2.96,      2.95,      2.94,      2.90,      2.82,      2.68,      2.43,      2.06,      1.56,

=============================== TAES-ZOTR                                     
Encryption Timing (cycles/byte)
 P_len/AD_len(bytes),         0,        15,        30,        60,       120,       240,       480,       960,      1920,      3840,      7680,     15360,     30720,     61440,    122880,    245760,    491520,    983040,
                   0,    321.00,     41.83,     22.25,     13.28,      7.93,      5.68,      3.38,      2.47,      1.96,      1.75,      1.62,      1.56,      1.55,      1.54,      1.54,      1.55,      1.56,      1.56,
                  16,     25.44,     23.06,     16.23,     11.57,      7.59,      5.69,      3.46,      2.53,      2.00,      1.77,      1.63,      1.56,      1.56,      1.54,      1.54,      1.55,      1.56,      1.56,
                  32,     15.02,     10.19,     12.63,      8.98,      6.78,      5.26,      3.51,      2.46,      1.96,      1.76,      1.63,      1.57,      1.56,      1.54,      1.54,      1.55,      1.56,      1.56,
                  64,      9.95,      8.01,      6.73,      7.58,      5.97,      5.03,      3.46,      2.56,      2.04,      1.76,      1.62,      1.55,      1.55,      1.53,      1.53,      1.55,      1.56,      1.56,
                 128,      7.36,      6.56,      5.93,      5.00,      5.03,      4.27,      3.56,      2.67,      2.09,      1.80,      1.64,      1.56,      1.55,      1.53,      1.53,      1.55,      1.56,      1.56,
                 256,      5.24,      4.92,      4.68,      4.22,      3.54,      3.94,      3.00,      2.42,      2.00,      1.74,      1.63,      1.57,      1.56,      1.54,      1.54,      1.55,      1.56,      1.56,
                 512,      3.98,      3.87,      3.77,      3.57,      3.24,      2.73,      2.71,      2.26,      1.95,      1.72,      1.60,      1.55,      1.55,      1.53,      1.53,      1.55,      1.55,      1.55,
                1024,      3.38,      3.34,      3.29,      3.20,      3.03,      2.74,      2.30,      2.07,      1.85,      1.69,      1.59,      1.54,      1.54,      1.53,      1.53,      1.55,      1.55,      1.55,
                2048,      3.09,      3.06,      3.05,      3.00,      2.92,      2.77,      2.51,      2.11,      1.75,      1.64,      1.58,      1.54,      1.54,      1.53,      1.53,      1.55,      1.55,      1.55,
                4096,      2.92,      2.91,      2.90,      2.88,      2.84,      2.77,      2.62,      2.37,      1.99,      1.60,      1.56,      1.54,      1.54,      1.53,      1.53,      1.55,      1.55,      1.55,
                8192,      2.86,      2.85,      2.85,      2.83,      2.81,      2.77,      2.70,      2.56,      2.31,      1.95,      1.52,      1.52,      1.52,      1.52,      1.52,      1.54,      1.55,      1.55,
               16384,      2.81,      2.81,      2.81,      2.80,      2.79,      2.77,      2.74,      2.66,      2.52,      2.29,      1.93,      1.49,      1.50,      1.51,      1.52,      1.54,      1.55,      1.55,
               32768,      2.79,      2.80,      2.81,      2.79,      2.79,      2.79,      2.76,      2.72,      2.65,      2.51,      2.28,      1.92,      1.48,      1.49,      1.51,      1.53,      1.55,      1.55,
               65536,      2.79,      2.79,      2.79,      2.79,      2.79,      2.79,      2.77,      2.75,      2.71,      2.64,      2.51,      2.27,      1.91,      1.47,      1.49,      1.52,      1.54,      1.55,
              131072,      2.78,      2.78,      2.79,      2.79,      2.78,      2.78,      2.77,      2.77,      2.75,      2.71,      2.63,      2.50,      2.26,      1.91,      1.47,      1.50,      1.52,      1.54,
              262144,      2.79,      2.79,      2.79,      2.78,      2.79,      2.79,      2.78,      2.78,      2.77,      2.75,      2.71,      2.64,      2.50,      2.27,      1.92,      1.47,      1.50,      1.52,
              524288,      2.79,      2.79,      2.79,      2.79,      2.79,      2.79,      2.79,      2.78,      2.78,      2.77,      2.75,      2.71,      2.64,      2.51,      2.27,      1.92,      1.47,      1.50,
             1048576,      2.79,      2.79,      2.79,      2.79,      2.80,      2.79,      2.79,      2.79,      2.78,      2.78,      2.77,      2.75,      2.72,      2.64,      2.50,      2.28,      1.92,      1.46,

=============================== TAES-ThetaCB3                                     
Encryption Timing (cycles/byte)
 P_len/AD_len(bytes),         0,        15,        30,        60,       120,       240,       480,       960,      1920,      3840,      7680,     15360,     30720,     61440,    122880,    245760,    491520,    983040,
                   0,    108.50,     12.73,      9.07,      6.79,      4.96,      3.44,      2.90,      2.63,      2.56,      2.53,      2.52,      2.51,      2.51,      2.50,      2.50,      2.50,      2.50,      2.50,
                  16,     11.59,      8.63,      7.62,      6.41,      4.93,      3.53,      2.97,      2.66,      2.58,      2.54,      2.52,      2.51,      2.50,      2.50,      2.50,      2.49,      2.50,      2.50,
                  32,      7.92,      7.18,      6.77,      6.02,      4.87,      3.58,      3.00,      2.69,      2.60,      2.55,      2.53,      2.51,      2.50,      2.50,      2.50,      2.49,      2.50,      2.50,
                  64,      4.55,      4.95,      5.05,      4.90,      4.30,      3.33,      2.92,      2.63,      2.57,      2.54,      2.51,      2.50,      2.50,      2.50,      2.50,      2.50,      2.50,      2.50,
                 128,      3.55,      3.88,      4.03,      4.10,      3.87,      3.21,      2.89,      2.63,      2.56,      2.53,      2.52,      2.50,      2.50,      2.50,      2.50,      2.50,      2.50,      2.50,
                 256,      3.05,      3.25,      3.36,      3.46,      3.40,      3.04,      2.83,      2.63,      2.57,      2.54,      2.52,      2.51,      2.50,      2.50,      2.50,      2.50,      2.50,      2.50,
                 512,      2.82,      2.94,      3.01,      3.07,      3.09,      2.88,      2.77,      2.62,      2.57,      2.54,      2.52,      2.51,      2.51,      2.50,      2.50,      2.50,      2.50,      2.50,
                1024,      2.69,      2.75,      2.79,      2.83,      2.85,      2.76,      2.70,      2.60,      2.57,      2.54,      2.52,      2.51,      2.51,      2.50,      2.50,      2.50,      2.50,      2.50,
                2048,      2.63,      2.66,      2.68,      2.70,      2.71,      2.67,      2.64,      2.59,      2.57,      2.55,      2.53,      2.51,      2.51,      2.50,      2.50,      2.50,      2.50,      2.50,
                4096,      2.59,      2.61,      2.62,      2.64,      2.64,      2.62,      2.61,      2.58,      2.57,      2.55,      2.53,      2.52,      2.51,      2.51,      2.50,      2.50,      2.50,      2.50,
                8192,      2.58,      2.59,      2.60,      2.60,      2.61,      2.60,      2.59,      2.57,      2.57,      2.56,      2.54,      2.53,      2.52,      2.51,      2.50,      2.50,      2.50,      2.50,
               16384,      2.57,      2.58,      2.58,      2.58,      2.59,      2.58,      2.58,      2.57,      2.57,      2.56,      2.55,      2.54,      2.53,      2.51,      2.51,      2.50,      2.50,      2.50,
               32768,      2.57,      2.57,      2.57,      2.58,      2.58,      2.58,      2.57,      2.57,      2.57,      2.57,      2.56,      2.55,      2.54,      2.52,      2.51,      2.51,      2.50,      2.50,
               65536,      2.57,      2.57,      2.57,      2.57,      2.57,      2.57,      2.57,      2.57,      2.57,      2.56,      2.56,      2.56,      2.55,      2.54,      2.52,      2.51,      2.51,      2.50,
              131072,      2.57,      2.57,      2.57,      2.57,      2.57,      2.57,      2.57,      2.57,      2.57,      2.56,      2.56,      2.56,      2.56,      2.55,      2.53,      2.52,      2.51,      2.51,
              262144,      2.57,      2.57,      2.57,      2.57,      2.57,      2.57,      2.57,      2.57,      2.57,      2.56,      2.56,      2.56,      2.56,      2.55,      2.54,      2.53,      2.52,      2.51,
              524288,      2.57,      2.57,      2.57,      2.57,      2.57,      2.57,      2.57,      2.57,      2.57,      2.57,      2.56,      2.56,      2.56,      2.56,      2.55,      2.54,      2.53,      2.52,
             1048576,      2.57,      2.57,      2.57,      2.57,      2.57,      2.57,      2.57,      2.57,      2.57,      2.57,      2.57,      2.57,      2.57,      2.56,      2.56,      2.55,      2.54,      2.53,


-----------------------------------------------------------------------------------------------------------------------------------
g++ CC = g++ -mavx2 -O3                                                                           Intel E5-2603 v3 (Haswell family)
g++ (Ubuntu 4.8.5-4ubuntu8~14.04.2) 4.8.5
-----------------------------------------------------------------------------------------------------------------------------------

=============================== TAES-ZOCB                                     
Encryption Timing (cycles/byte)
 P_len/AD_len(bytes),         0,        15,        30,        60,       120,       240,       480,       960,      1920,      3840,      7680,     15360,     30720,     61440,    122880,    245760,    491520,    983040,
                   0,    490.50,     64.00,     34.03,     20.13,     12.74,      9.04,      5.76,      4.53,      3.82,      3.22,      2.83,      2.41,      2.44,      2.42,      2.42,      2.46,      2.47,      2.48,
                  16,     30.16,     26.92,     19.20,     13.48,      9.25,      6.79,      4.42,      3.45,      2.90,      2.63,      2.49,      2.41,      2.44,      2.42,      2.42,      2.46,      2.47,      2.48,
                  32,     17.81,     12.17,     14.85,     10.42,      7.87,      6.42,      4.46,      3.37,      2.85,      2.62,      2.48,      2.42,      2.44,      2.42,      2.42,      2.46,      2.47,      2.47,
                  64,     12.24,      9.91,      8.36,      9.16,      7.12,      6.18,      4.45,      3.50,      2.93,      2.63,      2.49,      2.43,      2.44,      2.42,      2.42,      2.46,      2.47,      2.47,
                 128,      8.33,      7.46,      6.76,      5.67,      5.70,      4.89,      4.29,      3.47,      2.93,      2.63,      2.49,      2.42,      2.45,      2.42,      2.42,      2.46,      2.47,      2.48,
                 256,      6.57,      6.23,      5.89,      5.33,      4.48,      4.73,      3.72,      3.21,      2.80,      2.56,      2.45,      2.40,      2.42,      2.40,      2.41,      2.45,      2.46,      2.47,
                 512,      5.55,      5.39,      5.25,      4.96,      4.48,      3.77,      3.52,      3.04,      2.74,      2.54,      2.44,      2.40,      2.42,      2.40,      2.41,      2.45,      2.46,      2.47,
                1024,      5.02,      4.95,      4.88,      4.74,      4.51,      4.07,      3.42,      2.92,      2.65,      2.51,      2.43,      2.40,      2.42,      2.39,      2.40,      2.45,      2.46,      2.47,
                2048,      4.76,      4.72,      4.69,      4.62,      4.50,      4.26,      3.86,      3.24,      2.62,      2.48,      2.42,      2.41,      2.41,      2.39,      2.40,      2.45,      2.46,      2.47,
                4096,      4.64,      4.62,      4.60,      4.57,      4.50,      4.39,      4.15,      3.76,      3.16,      2.48,      2.42,      2.42,      2.42,      2.39,      2.40,      2.45,      2.46,      2.47,
                8192,      4.57,      4.56,      4.55,      4.54,      4.51,      4.44,      4.32,      4.09,      3.71,      3.12,      2.40,      2.40,      2.41,      2.39,      2.41,      2.45,      2.46,      2.47,
               16384,      4.55,      4.55,      4.54,      4.53,      4.52,      4.48,      4.42,      4.30,      4.08,      3.70,      3.12,      2.41,      2.40,      2.40,      2.42,      2.45,      2.46,      2.47,
               32768,      4.54,      4.54,      4.54,      4.53,      4.53,      4.51,      4.47,      4.41,      4.29,      4.07,      3.69,      3.11,      2.38,      2.38,      2.41,      2.45,      2.46,      2.47,
               65536,      4.53,      4.53,      4.53,      4.53,      4.53,      4.52,      4.50,      4.47,      4.41,      4.29,      4.06,      3.68,      3.10,      2.37,      2.40,      2.44,      2.45,      2.46,
              131072,      4.54,      4.54,      4.54,      4.54,      4.53,      4.53,      4.52,      4.50,      4.47,      4.41,      4.29,      4.07,      3.69,      3.12,      2.39,      2.42,      2.44,      2.46,
              262144,      4.56,      4.56,      4.56,      4.56,      4.56,      4.56,      4.55,      4.55,      4.53,      4.50,      4.44,      4.32,      4.10,      3.72,      3.14,      2.40,      2.43,      2.45,
              524288,      4.57,      4.57,      4.57,      4.57,      4.57,      4.57,      4.56,      4.56,      4.55,      4.54,      4.50,      4.44,      4.32,      4.10,      3.72,      3.14,      2.40,      2.43,
             1048576,      4.57,      4.57,      4.57,      4.57,      4.57,      4.57,      4.57,      4.57,      4.56,      4.56,      4.54,      4.51,      4.44,      4.32,      4.10,      3.72,      3.14,      2.40,

=============================== TAES-ZOTR                                     
Encryption Timing (cycles/byte)
 P_len/AD_len(bytes),         0,        15,        30,        60,       120,       240,       480,       960,      1920,      3840,      7680,     15360,     30720,     61440,    122880,    245760,    491520,    983040,
                   0,    492.00,     64.37,     34.25,     20.28,     12.79,      9.06,      5.77,      4.16,      3.50,      3.21,      2.82,      2.41,      2.41,      2.40,      2.41,      2.44,      2.46,      2.47,
                  16,     29.88,     26.89,     19.12,     13.43,      9.24,      6.80,      4.39,      3.44,      2.87,      2.63,      2.48,      2.42,      2.42,      2.40,      2.41,      2.44,      2.46,      2.47,
                  32,     17.61,     12.12,     14.96,     10.37,      7.89,      6.40,      4.47,      3.35,      2.82,      2.61,      2.47,      2.42,      2.41,      2.40,      2.41,      2.44,      2.46,      2.47,
                  64,     11.91,      9.68,      8.06,      9.05,      7.01,      6.09,      4.40,      3.46,      2.89,      2.61,      2.48,      2.42,      2.42,      2.40,      2.41,      2.44,      2.46,      2.47,
                 128,      9.06,      8.13,      7.35,      6.15,      6.14,      5.16,      4.44,      3.54,      2.96,      2.65,      2.49,      2.43,      2.42,      2.40,      2.41,      2.44,      2.46,      2.47,
                 256,      7.19,      6.79,      6.43,      5.82,      4.90,      5.03,      3.93,      3.33,      2.87,      2.59,      2.47,      2.42,      2.41,      2.39,      2.41,      2.44,      2.46,      2.47,
                 512,      5.62,      5.44,      5.30,      5.01,      4.54,      3.82,      3.54,      3.06,      2.75,      2.54,      2.45,      2.41,      2.41,      2.39,      2.41,      2.44,      2.46,      2.47,
                1024,      5.01,      4.94,      4.87,      4.74,      4.51,      4.07,      3.41,      2.92,      2.65,      2.50,      2.43,      2.40,      2.40,      2.39,      2.40,      2.44,      2.46,      2.47,
                2048,      4.65,      4.62,      4.59,      4.52,      4.40,      4.16,      3.77,      3.16,      2.56,      2.44,      2.40,      2.39,      2.40,      2.38,      2.40,      2.44,      2.46,      2.47,
                4096,      4.49,      4.48,      4.46,      4.43,      4.37,      4.25,      4.02,      3.65,      3.06,      2.40,      2.36,      2.37,      2.39,      2.38,      2.40,      2.44,      2.46,      2.47,
                8192,      4.41,      4.40,      4.39,      4.38,      4.35,      4.29,      4.17,      3.95,      3.57,      3.00,      2.32,      2.33,      2.37,      2.37,      2.39,      2.44,      2.46,      2.46,
               16384,      4.38,      4.37,      4.37,      4.36,      4.35,      4.32,      4.26,      4.14,      3.92,      3.56,      3.00,      2.31,      2.33,      2.35,      2.38,      2.44,      2.45,      2.46,
               32768,      4.37,      4.37,      4.37,      4.36,      4.36,      4.34,      4.31,      4.25,      4.13,      3.92,      3.55,      2.99,      2.29,      2.32,      2.36,      2.42,      2.44,      2.46,
               65536,      4.37,      4.37,      4.36,      4.36,      4.36,      4.35,      4.33,      4.30,      4.24,      4.13,      3.91,      3.55,      2.99,      2.28,      2.33,      2.40,      2.43,      2.45,
              131072,      4.37,      4.37,      4.37,      4.37,      4.36,      4.36,      4.35,      4.34,      4.31,      4.25,      4.13,      3.92,      3.55,      3.00,      2.30,      2.36,      2.40,      2.43,
              262144,      4.39,      4.39,      4.39,      4.39,      4.39,      4.39,      4.38,      4.38,      4.36,      4.33,      4.27,      4.16,      3.94,      3.58,      3.02,      2.31,      2.37,      2.41,
              524288,      4.40,      4.40,      4.40,      4.40,      4.40,      4.40,      4.39,      4.39,      4.38,      4.37,      4.34,      4.28,      4.16,      3.95,      3.58,      3.02,      2.31,      2.36,
             1048576,      4.40,      4.40,      4.40,      4.40,      4.40,      4.40,      4.40,      4.40,      4.39,      4.39,      4.37,      4.34,      4.28,      4.16,      3.95,      3.58,      3.02,      2.31,

=============================== TAES-ThetaCB3                                     
Encryption Timing (cycles/byte)
 P_len/AD_len(bytes),         0,        15,        30,        60,       120,       240,       480,       960,      1920,      3840,      7680,     15360,     30720,     61440,    122880,    245760,    491520,    983040,
                   0,    170.50,     20.10,     14.78,     11.12,      8.55,      6.66,      6.04,      5.71,      5.20,      4.79,      4.17,      4.16,      4.16,      4.16,      4.16,      4.16,      4.16,      4.16,
                  16,     14.03,     10.47,      9.30,      7.89,      6.38,      5.04,      4.58,      4.31,      4.24,      4.19,      4.17,      4.16,      4.16,      4.16,      4.16,      4.16,      4.16,      4.16,
                  32,      9.86,      8.83,      8.33,      7.48,      6.30,      5.10,      4.61,      4.33,      4.25,      4.20,      4.18,      4.17,      4.16,      4.16,      4.16,      4.16,      4.16,      4.16,
                  64,      6.06,      6.38,      6.48,      6.28,      5.71,      4.81,      4.49,      4.27,      4.21,      4.19,      4.17,      4.16,      4.16,      4.16,      4.16,      4.16,      4.16,      4.16,
                 128,      5.10,      5.34,      5.52,      5.57,      5.30,      4.69,      4.44,      4.27,      4.21,      4.19,      4.17,      4.16,      4.16,      4.16,      4.16,      4.16,      4.16,      4.16,
                 256,      4.62,      4.77,      4.90,      5.00,      4.91,      4.55,      4.39,      4.25,      4.22,      4.19,      4.17,      4.16,      4.16,      4.16,      4.16,      4.16,      4.16,      4.16,
                 512,      4.38,      4.47,      4.56,      4.62,      4.59,      4.41,      4.32,      4.23,      4.20,      4.18,      4.17,      4.16,      4.16,      4.16,      4.16,      4.16,      4.16,      4.16,
                1024,      4.26,      4.31,      4.35,      4.39,      4.38,      4.30,      4.27,      4.21,      4.19,      4.18,      4.17,      4.16,      4.16,      4.16,      4.16,      4.16,      4.16,      4.16,
                2048,      4.21,      4.23,      4.25,      4.28,      4.28,      4.24,      4.22,      4.19,      4.19,      4.17,      4.17,      4.16,      4.16,      4.16,      4.16,      4.16,      4.16,      4.16,
                4096,      4.18,      4.19,      4.20,      4.21,      4.22,      4.20,      4.19,      4.17,      4.18,      4.17,      4.16,      4.16,      4.16,      4.16,      4.16,      4.16,      4.16,      4.16,
                8192,      4.16,      4.17,      4.17,      4.18,      4.18,      4.17,      4.17,      4.17,      4.16,      4.16,      4.16,      4.16,      4.16,      4.16,      4.16,      4.16,      4.16,      4.16,
               16384,      4.16,      4.16,      4.17,      4.17,      4.17,      4.16,      4.16,      4.16,      4.16,      4.16,      4.16,      4.16,      4.16,      4.16,      4.16,      4.16,      4.16,      4.16,
               32768,      4.15,      4.16,      4.16,      4.16,      4.16,      4.16,      4.16,      4.15,      4.15,      4.15,      4.15,      4.16,      4.15,      4.15,      4.15,      4.16,      4.16,      4.16,
               65536,      4.15,      4.15,      4.15,      4.15,      4.15,      4.15,      4.15,      4.15,      4.15,      4.15,      4.15,      4.15,      4.15,      4.15,      4.16,      4.16,      4.16,      4.16,
              131072,      4.15,      4.15,      4.15,      4.15,      4.15,      4.15,      4.15,      4.15,      4.15,      4.15,      4.15,      4.15,      4.15,      4.16,      4.16,      4.16,      4.16,      4.16,
              262144,      4.15,      4.15,      4.16,      4.16,      4.16,      4.15,      4.15,      4.16,      4.16,      4.15,      4.16,      4.16,      4.15,      4.16,      4.16,      4.16,      4.16,      4.16,
              524288,      4.16,      4.16,      4.16,      4.16,      4.16,      4.16,      4.16,      4.16,      4.16,      4.16,      4.16,      4.16,      4.16,      4.16,      4.16,      4.16,      4.16,      4.16,
             1048576,      4.16,      4.16,      4.16,      4.16,      4.16,      4.16,      4.16,      4.16,      4.16,      4.16,      4.16,      4.16,      4.16,      4.16,      4.16,      4.16,      4.16,      4.16,
                                              
-----------------------------------------------------------------------------------------------------------------------------------
Intel CC = icpc -xHost -O3                                                                           Intel i5-6500 (Skylake family)
icpc version: icpc (ICC) 19.0.1.144 20181018
-----------------------------------------------------------------------------------------------------------------------------------
                                              
=============================== TAES-ZOCB                                     
Encryption Timing (cycles/byte)
 P_len/AD_len(bytes),         0,        15,        30,        60,       120,       240,       480,       960,      1920,      3840,      7680,     15360,     30720,     61440,    122880,    245760,    491520,    983040,
                   0,    317.50,     39.60,     20.63,     12.30,      7.27,      5.45,      3.31,      2.41,      1.91,      1.68,      1.56,      1.50,      1.50,      1.49,      1.49,      1.51,      1.51,      1.51,
                  16,     24.09,     21.50,     14.98,     10.59,      6.93,      5.39,      3.34,      2.45,      1.93,      1.70,      1.56,      1.50,      1.50,      1.49,      1.49,      1.51,      1.51,      1.51,
                  32,     14.31,      9.73,     11.95,      8.29,      6.21,      5.08,      3.42,      2.39,      1.89,      1.69,      1.56,      1.51,      1.50,      1.49,      1.49,      1.51,      1.51,      1.51,
                  64,      9.27,      7.58,      6.34,      7.10,      5.53,      4.77,      3.33,      2.47,      1.95,      1.69,      1.56,      1.51,      1.50,      1.49,      1.49,      1.51,      1.51,      1.51,
                 128,      6.07,      5.43,      4.91,      4.15,      4.30,      3.64,      3.24,      2.47,      1.96,      1.70,      1.57,      1.51,      1.50,      1.49,      1.49,      1.51,      1.51,      1.51,
                 256,      4.52,      4.27,      4.05,      3.67,      3.07,      3.50,      2.63,      2.19,      1.84,      1.63,      1.54,      1.50,      1.50,      1.49,      1.49,      1.51,      1.51,      1.51,
                 512,      3.65,      3.55,      3.46,      3.27,      2.96,      2.49,      2.49,      2.06,      1.80,      1.62,      1.53,      1.50,      1.50,      1.49,      1.49,      1.51,      1.51,      1.51,
                1024,      3.22,      3.17,      3.13,      3.04,      2.88,      2.61,      2.20,      1.95,      1.72,      1.59,      1.52,      1.49,      1.49,      1.48,      1.49,      1.51,      1.51,      1.51,
                2048,      2.99,      2.97,      2.95,      2.91,      2.83,      2.68,      2.42,      2.04,      1.69,      1.58,      1.52,      1.49,      1.49,      1.48,      1.49,      1.51,      1.51,      1.51,
                4096,      2.88,      2.87,      2.86,      2.84,      2.80,      2.72,      2.58,      2.33,      1.96,      1.56,      1.51,      1.50,      1.49,      1.48,      1.49,      1.51,      1.51,      1.51,
                8192,      2.83,      2.82,      2.82,      2.81,      2.79,      2.75,      2.67,      2.53,      2.29,      1.92,      1.49,      1.49,      1.48,      1.48,      1.49,      1.50,      1.51,      1.51,
               16384,      2.80,      2.80,      2.80,      2.80,      2.78,      2.76,      2.73,      2.65,      2.51,      2.28,      1.92,      1.48,      1.47,      1.48,      1.48,      1.50,      1.51,      1.51,
               32768,      2.80,      2.80,      2.80,      2.80,      2.79,      2.78,      2.76,      2.72,      2.65,      2.51,      2.28,      1.92,      1.47,      1.47,      1.48,      1.50,      1.51,      1.51,
               65536,      2.79,      2.79,      2.79,      2.79,      2.79,      2.78,      2.77,      2.75,      2.71,      2.64,      2.50,      2.27,      1.91,      1.46,      1.48,      1.50,      1.50,      1.51,
              131072,      2.79,      2.79,      2.79,      2.79,      2.79,      2.79,      2.78,      2.77,      2.75,      2.71,      2.64,      2.50,      2.27,      1.91,      1.47,      1.48,      1.50,      1.50,
              262144,      2.79,      2.79,      2.79,      2.79,      2.79,      2.79,      2.79,      2.78,      2.77,      2.75,      2.71,      2.64,      2.51,      2.27,      1.92,      1.47,      1.49,      1.50,
              524288,      2.80,      2.80,      2.80,      2.80,      2.80,      2.80,      2.80,      2.79,      2.79,      2.78,      2.76,      2.72,      2.65,      2.51,      2.28,      1.92,      1.47,      1.49,
             1048576,      2.80,      2.80,      2.80,      2.80,      2.80,      2.80,      2.80,      2.80,      2.80,      2.79,      2.78,      2.76,      2.72,      2.65,      2.51,      2.28,      1.92,      1.47,

=============================== TAES-ZOTR                                     
Encryption Timing (cycles/byte)
 P_len/AD_len(bytes),         0,        15,        30,        60,       120,       240,       480,       960,      1920,      3840,      7680,     15360,     30720,     61440,    122880,    245760,    491520,    983040,
                   0,    307.00,     39.60,     20.42,     12.07,      7.20,      5.36,      3.21,      2.36,      1.91,      1.69,      1.56,      1.49,      1.50,      1.50,      1.49,      1.51,      1.51,      1.51,
                  16,     23.12,     21.19,     14.73,     10.41,      6.83,      5.28,      3.26,      2.41,      1.92,      1.70,      1.57,      1.50,      1.51,      1.49,      1.49,      1.51,      1.51,      1.51,
                  32,     13.78,      9.31,     11.76,      8.10,      6.10,      4.96,      3.35,      2.35,      1.89,      1.69,      1.56,      1.50,      1.50,      1.49,      1.49,      1.51,      1.51,      1.51,
                  64,      9.09,      7.34,      6.21,      7.00,      5.44,      4.70,      3.28,      2.46,      1.96,      1.69,      1.56,      1.50,      1.51,      1.49,      1.49,      1.51,      1.51,      1.51,
                 128,      6.71,      6.03,      5.47,      4.60,      4.66,      3.87,      3.36,      2.54,      2.01,      1.72,      1.58,      1.51,      1.51,      1.50,      1.50,      1.51,      1.51,      1.51,
                 256,      4.87,      4.59,      4.37,      3.95,      3.31,      3.66,      2.74,      2.25,      1.88,      1.65,      1.55,      1.50,      1.51,      1.49,      1.49,      1.51,      1.51,      1.51,
                 512,      3.80,      3.70,      3.60,      3.41,      3.09,      2.59,      2.56,      2.11,      1.83,      1.63,      1.54,      1.50,      1.51,      1.50,      1.49,      1.51,      1.51,      1.51,
                1024,      3.27,      3.22,      3.17,      3.08,      2.92,      2.65,      2.23,      1.98,      1.75,      1.61,      1.53,      1.49,      1.50,      1.50,      1.49,      1.51,      1.51,      1.51,
                2048,      3.02,      3.00,      2.98,      2.94,      2.86,      2.71,      2.45,      2.06,      1.71,      1.59,      1.53,      1.49,      1.50,      1.49,      1.49,      1.51,      1.51,      1.51,
                4096,      2.90,      2.88,      2.87,      2.85,      2.81,      2.73,      2.59,      2.34,      1.97,      1.57,      1.51,      1.51,      1.50,      1.49,      1.49,      1.51,      1.51,      1.51,
                8192,      2.83,      2.83,      2.82,      2.81,      2.79,      2.75,      2.68,      2.54,      2.30,      1.93,      1.50,      1.50,      1.49,      1.49,      1.49,      1.51,      1.51,      1.51,
               16384,      2.81,      2.81,      2.80,      2.80,      2.79,      2.77,      2.73,      2.65,      2.52,      2.28,      1.93,      1.48,      1.48,      1.48,      1.48,      1.51,      1.51,      1.51,
               32768,      2.80,      2.80,      2.80,      2.80,      2.80,      2.79,      2.77,      2.73,      2.65,      2.51,      2.27,      1.92,      1.47,      1.48,      1.48,      1.50,      1.51,      1.51,
               65536,      2.78,      2.78,      2.78,      2.78,      2.78,      2.77,      2.77,      2.75,      2.71,      2.63,      2.50,      2.26,      1.91,      1.46,      1.47,      1.49,      1.51,      1.51,
              131072,      2.78,      2.78,      2.78,      2.78,      2.78,      2.78,      2.77,      2.76,      2.74,      2.70,      2.63,      2.50,      2.26,      1.91,      1.46,      1.48,      1.50,      1.51,
              262144,      2.78,      2.78,      2.78,      2.78,      2.78,      2.78,      2.78,      2.77,      2.76,      2.75,      2.71,      2.63,      2.50,      2.27,      1.92,      1.47,      1.48,      1.50,
              524288,      2.79,      2.79,      2.79,      2.79,      2.79,      2.79,      2.79,      2.78,      2.78,      2.77,      2.75,      2.71,      2.64,      2.50,      2.27,      1.92,      1.47,      1.48,
             1048576,      2.79,      2.79,      2.79,      2.79,      2.79,      2.79,      2.79,      2.79,      2.79,      2.78,      2.77,      2.75,      2.71,      2.64,      2.50,      2.27,      1.92,      1.46,

=============================== TAES-ThetaCB3                                     
Encryption Timing (cycles/byte)
 P_len/AD_len(bytes),         0,        15,        30,        60,       120,       240,       480,       960,      1920,      3840,      7680,     15360,     30720,     61440,    122880,    245760,    491520,    983040,
                   0,     97.00,     11.27,      8.03,      6.04,      4.51,      3.19,      2.77,      2.56,      2.50,      2.47,      2.46,      2.45,      2.45,      2.44,      2.44,      2.44,      2.44,      2.44,
                  16,     10.34,      7.60,      6.73,      5.64,      4.49,      3.27,      2.82,      2.58,      2.52,      2.48,      2.46,      2.45,      2.45,      2.44,      2.44,      2.44,      2.44,      2.44,
                  32,      7.14,      6.31,      6.04,      5.34,      4.44,      3.31,      2.85,      2.60,      2.53,      2.49,      2.46,      2.45,      2.45,      2.44,      2.44,      2.44,      2.44,      2.44,
                  64,      4.34,      4.70,      4.75,      4.56,      4.03,      3.15,      2.79,      2.55,      2.51,      2.48,      2.46,      2.45,      2.45,      2.44,      2.44,      2.44,      2.44,      2.44,
                 128,      3.43,      3.72,      3.84,      3.86,      3.65,      3.03,      2.76,      2.55,      2.51,      2.48,      2.46,      2.45,      2.45,      2.44,      2.44,      2.44,      2.44,      2.44,
                 256,      2.98,      3.16,      3.26,      3.33,      3.27,      2.90,      2.72,      2.55,      2.51,      2.48,      2.46,      2.45,      2.45,      2.44,      2.44,      2.44,      2.44,      2.44,
                 512,      2.76,      2.86,      2.92,      2.97,      2.97,      2.78,      2.67,      2.55,      2.51,      2.48,      2.47,      2.45,      2.45,      2.44,      2.44,      2.44,      2.44,      2.44,
                1024,      2.65,      2.70,      2.73,      2.77,      2.78,      2.68,      2.63,      2.55,      2.52,      2.49,      2.47,      2.46,      2.45,      2.45,      2.44,      2.44,      2.44,      2.44,
                2048,      2.60,      2.63,      2.64,      2.66,      2.67,      2.62,      2.60,      2.55,      2.53,      2.50,      2.48,      2.46,      2.45,      2.45,      2.44,      2.44,      2.44,      2.44,
                4096,      2.57,      2.58,      2.59,      2.60,      2.61,      2.59,      2.57,      2.55,      2.53,      2.51,      2.49,      2.47,      2.46,      2.45,      2.45,      2.44,      2.44,      2.44,
                8192,      2.56,      2.56,      2.57,      2.57,      2.58,      2.56,      2.56,      2.55,      2.54,      2.52,      2.50,      2.48,      2.47,      2.46,      2.45,      2.44,      2.44,      2.44,
               16384,      2.55,      2.55,      2.55,      2.56,      2.56,      2.55,      2.55,      2.54,      2.54,      2.53,      2.52,      2.50,      2.48,      2.46,      2.45,      2.45,      2.44,      2.44,
               32768,      2.55,      2.55,      2.55,      2.55,      2.55,      2.55,      2.55,      2.55,      2.54,      2.54,      2.53,      2.51,      2.50,      2.48,      2.46,      2.45,      2.45,      2.44,
               65536,      2.54,      2.54,      2.55,      2.55,      2.55,      2.55,      2.54,      2.54,      2.54,      2.54,      2.53,      2.52,      2.51,      2.49,      2.48,      2.46,      2.45,      2.45,
              131072,      2.54,      2.54,      2.54,      2.54,      2.54,      2.54,      2.54,      2.54,      2.54,      2.54,      2.54,      2.53,      2.52,      2.51,      2.49,      2.48,      2.46,      2.45,
              262144,      2.54,      2.54,      2.54,      2.54,      2.54,      2.54,      2.54,      2.54,      2.54,      2.54,      2.54,      2.54,      2.53,      2.52,      2.51,      2.49,      2.48,      2.46,
              524288,      2.54,      2.54,      2.54,      2.54,      2.54,      2.54,      2.54,      2.54,      2.54,      2.54,      2.54,      2.54,      2.54,      2.53,      2.52,      2.51,      2.49,      2.48,
             1048576,      2.54,      2.54,      2.54,      2.54,      2.54,      2.54,      2.54,      2.54,      2.54,      2.54,      2.54,      2.54,      2.54,      2.54,      2.53,      2.52,      2.51,      2.49,

-----------------------------------------------------------------------------------------------------------------------------------
Intel CC = icpc -xHost -O3                                                                        Intel E5-2603 v3 (Haswell family)
icpc version: icpc (ICC) 19.0.1.144 20181018
-----------------------------------------------------------------------------------------------------------------------------------

=============================== TAES-ZOCB                                     
Encryption Timing (cycles/byte)
 P_len/AD_len(bytes),         0,        15,        30,        60,       120,       240,       480,       960,      1920,      3840,      7680,     15360,     30720,     61440,    122880,    245760,    491520,    983040,
                   0,    505.00,     66.00,     34.13,     19.87,     12.61,      8.97,      5.80,      4.51,      3.51,      2.98,      2.64,      2.40,      2.44,      2.43,      2.43,      2.47,      2.48,      2.48,
                  16,     30.66,     27.18,     18.82,     13.16,      9.07,      6.74,      4.40,      3.44,      2.88,      2.63,      2.48,      2.41,      2.44,      2.43,      2.44,      2.47,      2.48,      2.48,
                  32,     18.27,     12.41,     15.17,     10.51,      7.85,      6.45,      4.51,      3.36,      2.84,      2.62,      2.48,      2.41,      2.44,      2.43,      2.43,      2.47,      2.48,      2.48,
                  64,     12.23,      9.91,      8.34,      9.16,      7.07,      6.10,      4.42,      3.47,      2.91,      2.62,      2.48,      2.42,      2.44,      2.43,      2.43,      2.47,      2.48,      2.48,
                 128,      8.32,      7.47,      6.77,      5.71,      5.75,      4.87,      4.28,      3.45,      2.91,      2.62,      2.48,      2.42,      2.44,      2.43,      2.43,      2.47,      2.48,      2.48,
                 256,      6.56,      6.23,      5.89,      5.34,      4.48,      4.74,      3.70,      3.19,      2.80,      2.56,      2.46,      2.41,      2.44,      2.43,      2.43,      2.46,      2.48,      2.48,
                 512,      5.50,      5.35,      5.20,      4.93,      4.47,      3.75,      3.52,      3.03,      2.74,      2.54,      2.45,      2.41,      2.44,      2.43,      2.43,      2.46,      2.48,      2.48,
                1024,      4.98,      4.91,      4.84,      4.70,      4.45,      4.03,      3.40,      2.90,      2.64,      2.50,      2.43,      2.40,      2.43,      2.43,      2.43,      2.46,      2.48,      2.48,
                2048,      4.72,      4.68,      4.65,      4.58,      4.46,      4.22,      3.83,      3.21,      2.60,      2.48,      2.42,      2.41,      2.43,      2.42,      2.43,      2.46,      2.48,      2.48,
                4096,      4.59,      4.57,      4.55,      4.52,      4.46,      4.34,      4.11,      3.72,      3.12,      2.45,      2.40,      2.41,      2.43,      2.42,      2.43,      2.46,      2.48,      2.48,
                8192,      4.53,      4.52,      4.51,      4.49,      4.46,      4.40,      4.28,      4.05,      3.67,      3.08,      2.37,      2.39,      2.41,      2.41,      2.42,      2.46,      2.48,      2.48,
               16384,      4.50,      4.50,      4.50,      4.49,      4.47,      4.44,      4.38,      4.26,      4.04,      3.66,      3.09,      2.38,      2.39,      2.40,      2.42,      2.46,      2.47,      2.48,
               32768,      4.51,      4.51,      4.50,      4.50,      4.49,      4.48,      4.45,      4.38,      4.26,      4.04,      3.66,      3.09,      2.36,      2.38,      2.41,      2.46,      2.47,      2.47,
               65536,      4.51,      4.51,      4.51,      4.50,      4.50,      4.49,      4.48,      4.45,      4.38,      4.26,      4.04,      3.66,      3.09,      2.36,      2.40,      2.44,      2.46,      2.47,
              131072,      4.52,      4.52,      4.52,      4.52,      4.51,      4.51,      4.50,      4.49,      4.45,      4.39,      4.27,      4.05,      3.67,      3.10,      2.37,      2.41,      2.45,      2.46,
              262144,      4.53,      4.53,      4.53,      4.53,      4.52,      4.52,      4.52,      4.51,      4.49,      4.46,      4.40,      4.28,      4.06,      3.69,      3.11,      2.39,      2.42,      2.44,
              524288,      4.53,      4.53,      4.53,      4.53,      4.53,      4.53,      4.53,      4.52,      4.52,      4.50,      4.47,      4.40,      4.29,      4.07,      3.69,      3.12,      2.38,      2.41,
             1048576,      4.53,      4.53,      4.53,      4.53,      4.53,      4.53,      4.53,      4.53,      4.52,      4.52,      4.50,      4.47,      4.41,      4.29,      4.07,      3.69,      3.11,      2.38,

=============================== TAES-ZOTR                                     
Encryption Timing (cycles/byte)
 P_len/AD_len(bytes),         0,        15,        30,        60,       120,       240,       480,       960,      1920,      3840,      7680,     15360,     30720,     61440,    122880,    245760,    491520,    983040,
                   0,    507.50,     65.47,     33.60,     19.85,     12.51,      9.12,      5.87,      4.55,      3.50,      2.99,      2.64,      2.41,      2.44,      2.43,      2.43,      2.46,      2.48,      2.48,
                  16,     29.28,     26.65,     18.47,     12.91,      8.90,      6.75,      4.43,      3.45,      2.87,      2.62,      2.48,      2.42,      2.44,      2.43,      2.43,      2.46,      2.48,      2.48,
                  32,     17.56,     11.95,     14.81,     10.27,      7.70,      6.47,      4.53,      3.36,      2.83,      2.61,      2.48,      2.42,      2.44,      2.43,      2.43,      2.46,      2.48,      2.48,
                  64,     11.62,      9.41,      8.01,      9.00,      6.88,      6.09,      4.43,      3.47,      2.89,      2.61,      2.48,      2.42,      2.44,      2.43,      2.43,      2.46,      2.48,      2.48,
                 128,      9.28,      8.33,      7.55,      6.38,      6.28,      5.22,      4.54,      3.60,      2.98,      2.65,      2.50,      2.43,      2.45,      2.44,      2.43,      2.46,      2.48,      2.48,
                 256,      7.13,      6.73,      6.39,      5.78,      4.84,      5.04,      3.90,      3.31,      2.86,      2.59,      2.47,      2.42,      2.44,      2.43,      2.43,      2.46,      2.48,      2.48,
                 512,      5.63,      5.47,      5.32,      5.03,      4.56,      3.82,      3.59,      3.07,      2.77,      2.56,      2.46,      2.42,      2.44,      2.43,      2.43,      2.46,      2.48,      2.48,
                1024,      4.99,      4.92,      4.84,      4.71,      4.47,      4.04,      3.41,      2.92,      2.65,      2.51,      2.43,      2.40,      2.44,      2.43,      2.43,      2.46,      2.48,      2.48,
                2048,      4.71,      4.67,      4.64,      4.57,      4.44,      4.21,      3.81,      3.20,      2.60,      2.47,      2.41,      2.40,      2.43,      2.42,      2.43,      2.46,      2.48,      2.48,
                4096,      4.55,      4.53,      4.52,      4.49,      4.42,      4.30,      4.08,      3.69,      3.10,      2.43,      2.39,      2.39,      2.42,      2.42,      2.43,      2.46,      2.48,      2.48,
                8192,      4.47,      4.46,      4.45,      4.44,      4.41,      4.34,      4.22,      4.00,      3.62,      3.04,      2.35,      2.37,      2.40,      2.41,      2.42,      2.46,      2.47,      2.48,
               16384,      4.45,      4.44,      4.44,      4.43,      4.41,      4.39,      4.32,      4.20,      3.99,      3.61,      3.05,      2.35,      2.37,      2.39,      2.41,      2.45,      2.47,      2.48,
               32768,      4.45,      4.45,      4.45,      4.44,      4.44,      4.42,      4.39,      4.33,      4.21,      3.99,      3.62,      3.05,      2.34,      2.36,      2.39,      2.45,      2.47,      2.47,
               65536,      4.45,      4.45,      4.45,      4.45,      4.44,      4.43,      4.42,      4.39,      4.33,      4.21,      3.99,      3.61,      3.05,      2.33,      2.37,      2.43,      2.46,      2.47,
              131072,      4.45,      4.45,      4.45,      4.45,      4.45,      4.44,      4.44,      4.42,      4.39,      4.33,      4.21,      3.99,      3.62,      3.06,      2.34,      2.40,      2.44,      2.45,
              262144,      4.47,      4.47,      4.47,      4.46,      4.46,      4.46,      4.46,      4.45,      4.43,      4.40,      4.34,      4.22,      4.01,      3.64,      3.07,      2.36,      2.40,      2.43,
              524288,      4.47,      4.47,      4.47,      4.47,      4.47,      4.47,      4.47,      4.46,      4.45,      4.44,      4.41,      4.35,      4.23,      4.01,      3.64,      3.08,      2.35,      2.39,
             1048576,      4.47,      4.47,      4.47,      4.47,      4.47,      4.47,      4.47,      4.47,      4.46,      4.45,      4.44,      4.41,      4.35,      4.23,      4.01,      3.64,      3.07,      2.35,

=============================== TAES-ThetaCB3                                     
Encryption Timing (cycles/byte)
 P_len/AD_len(bytes),         0,        15,        30,        60,       120,       240,       480,       960,      1920,      3840,      7680,     15360,     30720,     61440,    122880,    245760,    491520,    983040,
                   0,    165.50,     19.70,     14.15,     10.91,      8.56,      6.60,      5.98,      5.64,      5.15,      5.10,      4.41,      4.13,      4.12,      4.12,      4.12,      4.12,      4.12,      4.12,
                  16,     13.41,     10.08,      8.88,      7.64,      6.31,      5.01,      4.52,      4.26,      4.20,      4.16,      4.14,      4.13,      4.12,      4.12,      4.12,      4.12,      4.12,      4.12,
                  32,      9.45,      8.41,      7.98,      7.26,      6.22,      5.01,      4.55,      4.27,      4.21,      4.16,      4.14,      4.13,      4.12,      4.12,      4.12,      4.12,      4.12,      4.12,
                  64,      6.23,      6.46,      6.43,      6.25,      5.73,      4.82,      4.47,      4.24,      4.18,      4.15,      4.13,      4.12,      4.12,      4.12,      4.12,      4.12,      4.12,      4.12,
                 128,      5.25,      5.49,      5.57,      5.60,      5.35,      4.72,      4.46,      4.25,      4.19,      4.15,      4.13,      4.13,      4.12,      4.12,      4.12,      4.12,      4.12,      4.12,
                 256,      4.77,      4.92,      4.96,      5.06,      5.00,      4.62,      4.42,      4.25,      4.20,      4.16,      4.14,      4.13,      4.12,      4.12,      4.12,      4.12,      4.12,      4.12,
                 512,      4.53,      4.62,      4.66,      4.71,      4.70,      4.51,      4.40,      4.25,      4.21,      4.17,      4.14,      4.13,      4.13,      4.12,      4.12,      4.12,      4.12,      4.12,
                1024,      4.41,      4.46,      4.48,      4.52,      4.52,      4.42,      4.35,      4.27,      4.22,      4.18,      4.15,      4.14,      4.13,      4.12,      4.12,      4.12,      4.12,      4.12,
                2048,      4.36,      4.38,      4.39,      4.41,      4.42,      4.37,      4.33,      4.27,      4.24,      4.20,      4.17,      4.15,      4.13,      4.13,      4.12,      4.12,      4.12,      4.12,
                4096,      4.32,      4.34,      4.34,      4.35,      4.36,      4.33,      4.32,      4.28,      4.26,      4.23,      4.19,      4.16,      4.14,      4.13,      4.12,      4.13,      4.13,      4.13,
                8192,      4.31,      4.32,      4.32,      4.33,      4.33,      4.31,      4.31,      4.29,      4.27,      4.25,      4.22,      4.19,      4.16,      4.14,      4.13,      4.13,      4.13,      4.13,
               16384,      4.31,      4.31,      4.31,      4.31,      4.31,      4.31,      4.30,      4.30,      4.29,      4.27,      4.25,      4.22,      4.18,      4.16,      4.14,      4.13,      4.13,      4.13,
               32768,      4.30,      4.30,      4.30,      4.31,      4.31,      4.30,      4.30,      4.30,      4.29,      4.28,      4.27,      4.24,      4.21,      4.18,      4.16,      4.14,      4.14,      4.13,
               65536,      4.30,      4.30,      4.30,      4.30,      4.30,      4.30,      4.30,      4.30,      4.29,      4.29,      4.28,      4.26,      4.24,      4.21,      4.19,      4.16,      4.15,      4.14,
              131072,      4.30,      4.30,      4.30,      4.30,      4.30,      4.30,      4.30,      4.30,      4.30,      4.29,      4.29,      4.28,      4.26,      4.25,      4.22,      4.19,      4.16,      4.15,
              262144,      4.30,      4.30,      4.30,      4.30,      4.30,      4.30,      4.30,      4.30,      4.30,      4.30,      4.30,      4.29,      4.28,      4.27,      4.25,      4.22,      4.19,      4.16,
              524288,      4.31,      4.31,      4.31,      4.31,      4.31,      4.31,      4.31,      4.30,      4.30,      4.30,      4.30,      4.30,      4.30,      4.29,      4.27,      4.25,      4.22,      4.19,
             1048576,      4.31,      4.31,      4.31,      4.31,      4.31,      4.31,      4.31,      4.31,      4.30,      4.30,      4.30,      4.30,      4.30,      4.29,      4.29,      4.27,      4.25,      4.22,